foo
Central Differencing
 i               fh1                  fh2                  g                       gh              error
  1        2.79564361e+002     2.79564361e+002    -6.13634822e-001    -6.13634109e-001     4.4e-007
  2        2.79564361e+002     2.79564361e+002    -2.34566982e+000    -2.34566879e+000     3.1e-007
  3        2.79564361e+002     2.79564361e+002     1.57512466e-001     1.57516479e-001     3.5e-006
  4        2.79564361e+002     2.79564361e+002     3.82197559e-001     3.82192612e-001     3.6e-006
  5        2.79564361e+002     2.79564361e+002    -1.62683678e+000    -1.62683487e+000     7.3e-007
  6        2.79564361e+002     2.79564361e+002     1.64548187e+000     1.64548492e+000     1.2e-006
  7        2.79564361e+002     2.79564361e+002     1.64398001e+000     1.64398003e+000     6.2e-009
  8        2.79564361e+002     2.79564361e+002    -7.18878955e-002    -7.18860626e-002     1.7e-006
  9        2.79564361e+002     2.79564361e+002     4.41063015e-001     4.41061020e-001     1.4e-006
 10        2.79564361e+002     2.79564361e+002     2.29537603e-001     2.29539871e-001     1.8e-006
 11        2.79564361e+002     2.79564361e+002    -2.74226635e-001    -2.74223328e-001     2.6e-006
 12        2.79564361e+002     2.79564361e+002     1.00523521e+000     1.00523376e+000     7.2e-007
 13        2.79564361e+002     2.79564361e+002    -8.32657008e-001    -8.32654953e-001     1.1e-006
 14        2.79564361e+002     2.79564360e+002     3.04945252e+000     3.04945564e+000     7.7e-007
 15        2.79564361e+002     2.79564361e+002    -1.95294411e-001    -1.95295334e-001     7.7e-007
 16        2.79564361e+002     2.79564361e+002     1.45653195e-001     1.45648956e-001     3.7e-006
 17        2.79564361e+002     2.79564361e+002     1.46902151e+000     1.46902084e+000     2.7e-007
 18        2.79564361e+002     2.79564361e+002     5.08542878e-002     5.08537292e-002     5.3e-007
 19        2.79564361e+002     2.79564361e+002    -1.70994169e-001    -1.70997620e-001     2.9e-006
 20        2.79564361e+002     2.79564361e+002    -1.20477519e+000    -1.20477867e+000     1.6e-006
 21        2.79564361e+002     2.79564361e+002     3.72545280e-001     3.72545242e-001     2.8e-008
 22        2.79564361e+002     2.79564361e+002    -1.90859041e+000    -1.90859222e+000     6.3e-007
 23        2.79564361e+002     2.79564361e+002     9.65146158e-001     9.65145111e-001     5.3e-007
 24        2.79564361e+002     2.79564361e+002     2.24189606e+000     2.24189949e+000     1.1e-006
 25        2.79564361e+002     2.79564361e+002    -9.95472938e-001    -9.95475769e-001     1.4e-006
 26        2.79564361e+002     2.79564361e+002     1.17822867e+000     1.17823029e+000     7.4e-007
 27        2.79564361e+002     2.79564361e+002     1.73639365e+000     1.73639679e+000     1.1e-006
 28        2.79564361e+002     2.79564361e+002    -2.24685021e+000    -2.24684525e+000     1.5e-006
 29        2.79564361e+002     2.79564361e+002    -2.02916846e+000    -2.02916718e+000     4.2e-007
--more-- 30        2.79564361e+002     2.79564361e+002     7.92595109e-001     7.92594910e-001     1.1e-007
 31        2.79564361e+002     2.79564361e+002    -5.77795275e-001    -5.77793121e-001     1.4e-006
 32        2.79564361e+002     2.79564361e+002     9.33852677e-001     9.33849335e-001     1.7e-006
 33        2.79564361e+002     2.79564361e+002     1.09922896e+000     1.09922981e+000     4.1e-007
 34        2.79564361e+002     2.79564361e+002     9.47134081e-001     9.47135925e-001     9.5e-007
 35        2.79564361e+002     2.79564361e+002     1.75332564e+000     1.75332260e+000     1.1e-006
 36        2.79564361e+002     2.79564361e+002     8.82571955e-001     8.82572174e-001     1.2e-007
 37        2.79564361e+002     2.79564361e+002     1.61576502e+000     1.61576653e+000     5.7e-007
 38        2.79564361e+002     2.79564361e+002    -1.73094671e+000    -1.73093987e+000     2.5e-006
 39        2.79564361e+002     2.79564361e+002    -7.01749760e-002    -7.01789856e-002     3.7e-006
 40        2.79564361e+002     2.79564361e+002    -2.56358454e-001    -2.56359100e-001     5.1e-007
 41        2.79564361e+002     2.79564361e+002    -2.27716859e+000    -2.27716637e+000     6.8e-007
 42        2.79564361e+002     2.79564361e+002     3.34040933e-001     3.34037781e-001     2.4e-006
 43        2.79564361e+002     2.79564361e+002    -1.50013494e+000    -1.50013542e+000     1.9e-007
 44        2.79564361e+002     2.79564361e+002     1.96556173e+000     1.96556282e+000     3.7e-007
 45        2.79564361e+002     2.79564361e+002    -1.13614919e+000    -1.13615036e+000     5.5e-007
 46        2.79564361e+002     2.79564361e+002     7.19682333e-001     7.19684601e-001     1.3e-006
 47        2.79564361e+002     2.79564361e+002     2.69947513e-001     2.69947052e-001     3.6e-007
 48        2.79564361e+002     2.79564361e+002    -1.34021520e+000    -1.34021759e+000     1.0e-006
 49        2.79564360e+002     2.79564361e+002    -3.09687388e+000    -3.09687233e+000     3.8e-007
 50        2.79564361e+002     2.79564361e+002    -1.45274551e-001    -1.45273209e-001     1.2e-006
 51        2.79564361e+002     2.79564361e+002    -1.47828201e+000    -1.47827911e+000     1.2e-006
 52        2.79564361e+002     2.79564361e+002     7.98786383e-001     7.98786163e-001     1.2e-007
 53        2.79564361e+002     2.79564361e+002     6.53499650e-001     6.53499603e-001     2.8e-008
 54        2.79564361e+002     2.79564361e+002     2.31761386e+000     2.31761360e+000     7.7e-008
 55        2.79564361e+002     2.79564361e+002     7.82274937e-001     7.82276154e-001     6.8e-007
 56        2.79564361e+002     2.79564361e+002    -9.40093823e-001    -9.40093994e-001     8.8e-008
 57        2.79564361e+002     2.79564361e+002     4.99817501e-001     4.99822617e-001     3.4e-006
 58        2.79564361e+002     2.79564361e+002    -1.43897001e+000    -1.43897057e+000     2.3e-007
 59        2.79564361e+002     2.79564361e+002    -4.65521419e-002    -4.65469360e-002     5.0e-006
 60        2.79564361e+002     2.79564361e+002    -7.84008521e-002    -7.83958435e-002     4.6e-006
--more-- 61        2.79564361e+002     2.79564361e+002    -2.17333673e-002    -2.17380524e-002     4.6e-006
 62        2.79564361e+002     2.79564361e+002    -4.84520141e-001    -4.84521866e-001     1.2e-006
 63        2.79564361e+002     2.79564361e+002     1.47994430e+000     1.47994804e+000     1.5e-006
 64        2.79564360e+002     2.79564361e+002    -2.68602458e+000    -2.68602753e+000     8.0e-007
 65        2.79564361e+002     2.79564361e+002     5.31632236e-001     5.31631470e-001     5.0e-007
 66        2.79564361e+002     2.79564361e+002     1.18429084e+000     1.18429184e+000     4.6e-007
 67        2.79564361e+002     2.79564361e+002     9.55007543e-001     9.55007553e-001     5.4e-009
 68        2.79564361e+002     2.79564361e+002     7.44305904e-001     7.44306564e-001     3.8e-007
 69        2.79564361e+002     2.79564361e+002    -2.96184967e-003    -2.96592712e-003     4.1e-006
 70        2.79564361e+002     2.79564361e+002     8.94826857e-001     8.94826889e-001     1.7e-008
 71        2.79564361e+002     2.79564361e+002     7.50200808e-001     7.50202179e-001     7.8e-007
 72        2.79564361e+002     2.79564361e+002    -3.97001364e-001    -3.96999359e-001     1.4e-006
 73        2.79564361e+002     2.79564361e+002    -5.59958816e-001    -5.59959412e-001     3.8e-007
 74        2.79564361e+002     2.79564361e+002    -4.37260288e-001    -4.37257767e-001     1.8e-006
 75        2.79564361e+002     2.79564361e+002    -2.07805532e+000    -2.07805824e+000     9.5e-007
 76        2.79564361e+002     2.79564361e+002    -3.49434571e-001    -3.49433899e-001     5.0e-007
 77        2.79564361e+002     2.79564361e+002     1.26142080e-001     1.26140594e-001     1.3e-006
 78        2.79564361e+002     2.79564361e+002     3.87200719e-001     3.87199402e-001     9.5e-007
 79        2.79564361e+002     2.79564361e+002     1.95745933e+000     1.95745850e+000     2.8e-007
 80        2.79564361e+002     2.79564361e+002    -5.61004629e-001    -5.61004639e-001     5.9e-009
 81        2.79564361e+002     2.79564361e+002     8.00091712e-001     8.00094604e-001     1.6e-006
 82        2.79564361e+002     2.79564361e+002     1.04636078e+000     1.04636192e+000     5.6e-007
 83        2.79564361e+002     2.79564361e+002     1.24744274e+000     1.24743843e+000     1.9e-006
 84        2.79564361e+002     2.79564361e+002    -1.45440787e+000    -1.45440865e+000     3.2e-007
 85        2.79564361e+002     2.79564361e+002     2.37034037e-001     2.37037659e-001     2.9e-006
 86        2.79564361e+002     2.79564361e+002     2.79884606e-001     2.79880524e-001     3.2e-006
 87        2.79564361e+002     2.79564361e+002    -1.45647549e+000    -1.45648003e+000     1.8e-006
 88        2.79564361e+002     2.79564361e+002    -1.07590761e+000    -1.07591057e+000     1.4e-006
 89        2.79564361e+002     2.79564361e+002     1.48815172e+000     1.48814583e+000     2.4e-006
 90        2.79564361e+002     2.79564361e+002    -1.99099569e-001    -1.99100494e-001     7.7e-007
 91        2.79564361e+002     2.79564361e+002     5.24945282e-001     5.24948120e-001     1.9e-006
--more-- 92        2.79564361e+002     2.79564361e+002     8.51783289e-002     8.51821899e-002     3.6e-006
 93        2.79564361e+002     2.79564361e+002    -9.41149901e-001    -9.41146851e-001     1.6e-006
 94        2.79564361e+002     2.79564361e+002    -8.44957734e-001    -8.44957352e-001     2.1e-007
 95        2.79564361e+002     2.79564361e+002     5.52705760e-001     5.52707672e-001     1.2e-006
 96        2.79564361e+002     2.79564361e+002    -1.40221600e+000    -1.40221405e+000     8.1e-007
 97        2.79564361e+002     2.79564361e+002     1.01994871e+000     1.01994896e+000     1.2e-007
 98        2.79564361e+002     2.79564361e+002     7.23723447e-001     7.23722458e-001     5.7e-007
 99        2.79564361e+002     2.79564361e+002    -1.22041789e+000    -1.22041702e+000     3.9e-007
100        2.79564361e+002     2.79564361e+002    -4.37383916e-001    -4.37391281e-001     5.1e-006
101        2.79564361e+002     2.79564361e+002    -1.72239328e+000    -1.72239113e+000     7.9e-007
102        2.79564360e+002     2.79564361e+002    -3.13516825e+000    -3.13516617e+000     5.0e-007
103        2.79564361e+002     2.79564361e+002     1.33827850e+000     1.33828163e+000     1.3e-006
104        2.79564361e+002     2.79564361e+002    -7.57277566e-001    -7.57278442e-001     5.0e-007
105        2.79564361e+002     2.79564361e+002     4.41115474e-001     4.41116333e-001     6.0e-007
106        2.79564361e+002     2.79564361e+002     3.08436891e-001     3.08427811e-001     6.9e-006
107        2.79564361e+002     2.79564361e+002    -4.93467414e-003    -4.93621826e-003     1.5e-006
108        2.79564361e+002     2.79564361e+002    -1.45313544e+000    -1.45313644e+000     4.1e-007
109        2.79564361e+002     2.79564361e+002    -1.38345869e+000    -1.38346100e+000     9.7e-007
110        2.79564361e+002     2.79564361e+002    -5.88999357e-001    -5.89000702e-001     8.5e-007
111        2.79564361e+002     2.79564361e+002    -1.73011879e+000    -1.73011971e+000     3.4e-007
112        2.79564361e+002     2.79564361e+002    -1.55112063e+000    -1.55112267e+000     8.0e-007
113        2.79564361e+002     2.79564361e+002     1.98763294e+000     1.98763657e+000     1.2e-006
114        2.79564361e+002     2.79564361e+002     5.17272737e-003     5.17654419e-003     3.8e-006
115        2.79564361e+002     2.79564361e+002    -1.77414791e+000    -1.77414894e+000     3.7e-007
116        2.79564361e+002     2.79564361e+002    -1.22552568e-001    -1.22554779e-001     2.0e-006
117        2.79564361e+002     2.79564361e+002    -1.63717679e+000    -1.63717651e+000     1.0e-007
118        2.79564361e+002     2.79564361e+002    -1.93664015e+000    -1.93663788e+000     7.7e-007
119        2.79564361e+002     2.79564361e+002    -4.00559870e-001    -4.00564194e-001     3.1e-006
120        2.79564361e+002     2.79564361e+002     1.31559231e+000     1.31559753e+000     2.3e-006
121        2.79564361e+002     2.79564361e+002     1.62915346e-001     1.62914276e-001     9.2e-007
122        2.79564361e+002     2.79564361e+002     8.87884906e-001     8.87884140e-001     4.1e-007
--more--123        2.79564361e+002     2.79564361e+002    -1.67752490e+000    -1.67752838e+000     1.3e-006
124        2.79564361e+002     2.79564361e+002    -6.96756156e-001    -6.96758270e-001     1.2e-006
125        2.79564361e+002     2.79564361e+002    -4.26927083e-001    -4.26929474e-001     1.7e-006
126        2.79564361e+002     2.79564361e+002    -1.76397490e+000    -1.76397514e+000     8.7e-008
127        2.79564361e+002     2.79564361e+002    -1.91727685e+000    -1.91727448e+000     8.1e-007
128        2.79564361e+002     2.79564361e+002     1.23082087e+000     1.23082352e+000     1.2e-006
129        2.79564361e+002     2.79564361e+002    -5.80368548e-002    -5.80348969e-002     1.9e-006
130        2.79564361e+002     2.79564361e+002    -9.75635275e-001    -9.75639343e-001     2.1e-006
131        2.79564361e+002     2.79564361e+002     1.05953161e+000     1.05952835e+000     1.6e-006
132        2.79564361e+002     2.79564361e+002     2.62648997e-001     2.62647629e-001     1.1e-006
133        2.79564361e+002     2.79564361e+002    -1.43722180e+000    -1.43722343e+000     6.7e-007
134        2.79564361e+002     2.79564361e+002     1.83737427e+000     1.83737373e+000     1.9e-007
135        2.79564361e+002     2.79564361e+002     3.84393088e-001     3.84393692e-001     4.4e-007
136        2.79564361e+002     2.79564361e+002     2.05549316e+000     2.05549240e+000     2.5e-007
137        2.79564361e+002     2.79564361e+002     1.56618629e+000     1.56619453e+000     3.2e-006
138        2.79564361e+002     2.79564361e+002    -9.94840516e-001    -9.94840622e-001     5.3e-008
139        2.79564361e+002     2.79564361e+002    -1.85433548e+000    -1.85433578e+000     1.1e-007
140        2.79564361e+002     2.79564361e+002    -1.55290200e-001    -1.55290604e-001     3.5e-007
141        2.79564361e+002     2.79564361e+002    -5.22725825e-001    -5.22726059e-001     1.5e-007
142        2.79564361e+002     2.79564361e+002    -1.24665541e+000    -1.24665642e+000     4.5e-007
143        2.79564361e+002     2.79564361e+002     6.26958264e-001     6.26962662e-001     2.7e-006
144        2.79564361e+002     2.79564361e+002     2.01145166e+000     2.01145172e+000     2.2e-008
145        2.79564361e+002     2.79564361e+002    -8.37631722e-001    -8.37633133e-001     7.7e-007
146        2.79564361e+002     2.79564361e+002    -1.25521975e+000    -1.25522614e+000     2.8e-006
147        2.79564361e+002     2.79564361e+002    -4.08423075e-001    -4.08420563e-001     1.8e-006
148        2.79564361e+002     2.79564361e+002     8.74624875e-001     8.74626160e-001     6.9e-007
149        2.79564361e+002     2.79564361e+002    -1.23561045e+000    -1.23560715e+000     1.5e-006
150        2.79564361e+002     2.79564361e+002    -1.70369741e+000    -1.70370102e+000     1.3e-006
151        2.79564361e+002     2.79564361e+002    -1.80679812e-001    -1.80685043e-001     4.4e-006
152        2.79564361e+002     2.79564361e+002    -1.14431197e-001    -1.14427567e-001     3.3e-006
153        2.79564361e+002     2.79564361e+002     6.47896756e-001     6.47895813e-001     5.7e-007
--more--154        2.79564361e+002     2.79564361e+002    -8.72822316e-001    -8.72821808e-001     2.7e-007
155        2.79564361e+002     2.79564361e+002    -2.55861840e-001    -2.55859375e-001     2.0e-006
156        2.79564361e+002     2.79564361e+002    -6.61853294e-001    -6.61849976e-001     2.0e-006
157        2.79564361e+002     2.79564361e+002    -1.70596874e-001    -1.70593262e-001     3.1e-006
158        2.79564361e+002     2.79564361e+002     2.08436487e+000     2.08436584e+000     3.2e-007
159        2.79564361e+002     2.79564361e+002    -9.17575024e-001    -9.17568207e-001     3.6e-006
160        2.79564361e+002     2.79564361e+002    -1.95607298e+000    -1.95606995e+000     1.0e-006
161        2.79564361e+002     2.79564361e+002     5.89171830e-001     5.89176178e-001     2.7e-006
162        2.79564361e+002     2.79564361e+002    -1.32754241e+000    -1.32754517e+000     1.2e-006
163        2.79564361e+002     2.79564361e+002    -2.91230328e-003    -2.91061401e-003     1.7e-006
164        2.79564361e+002     2.79564361e+002    -9.18115855e-001    -9.18121338e-001     2.9e-006
165        2.79564361e+002     2.79564361e+002     7.27736117e-001     7.27733612e-001     1.4e-006
166        2.79564361e+002     2.79564361e+002     7.63143360e-001     7.63145447e-001     1.2e-006
167        2.79564361e+002     2.79564361e+002    -3.04414101e-001    -3.04414749e-001     5.0e-007
168        2.79564360e+002     2.79564361e+002    -2.90228652e+000    -2.90228653e+000     1.9e-009
169        2.79564361e+002     2.79564361e+002     1.52885452e-001     1.52881622e-001     3.3e-006
170        2.79564361e+002     2.79564361e+002     2.19098149e+000     2.19098473e+000     1.0e-006
171        2.79564361e+002     2.79564361e+002     1.38014247e+000     1.38013840e+000     1.7e-006
172        2.79564361e+002     2.79564361e+002    -2.26450049e+000    -2.26449585e+000     1.4e-006
173        2.79564361e+002     2.79564361e+002    -1.67634653e-001    -1.67633057e-001     1.4e-006
174        2.79564361e+002     2.79564361e+002    -1.01596193e+000    -1.01596069e+000     6.1e-007
175        2.79564361e+002     2.79564361e+002    -1.49793927e+000    -1.49794197e+000     1.1e-006
176        2.79564361e+002     2.79564361e+002    -1.79064999e+000    -1.79064751e+000     8.9e-007
177        2.79564361e+002     2.79564361e+002     3.46293216e-001     3.46298218e-001     3.7e-006
178        2.79564361e+002     2.79564361e+002    -6.50652978e-001    -6.50655746e-001     1.7e-006
179        2.79564361e+002     2.79564361e+002     4.09716494e-002     4.09717560e-002     1.0e-007
180        2.79564361e+002     2.79564361e+002    -5.35603859e-001    -5.35606384e-001     1.6e-006
181        2.79564361e+002     2.79564361e+002    -6.59992378e-001    -6.59994125e-001     1.1e-006
182        2.79564361e+002     2.79564361e+002     5.03692619e-001     5.03696442e-001     2.5e-006
183        2.79564361e+002     2.79564361e+002     9.98498678e-001     9.98500824e-001     1.1e-006
184        2.79564361e+002     2.79564360e+002     2.93079586e+000     2.93079758e+000     4.4e-007
--more--185        2.79564361e+002     2.79564361e+002    -1.93173860e+000    -1.93173981e+000     4.1e-007
186        2.79564361e+002     2.79564361e+002    -1.46871528e+000    -1.46871185e+000     1.4e-006
187        2.79564361e+002     2.79564361e+002     1.41036064e+000     1.41035461e+000     2.5e-006
188        2.79564361e+002     2.79564361e+002    -5.93384885e-001    -5.93383789e-001     6.9e-007
189        2.79564361e+002     2.79564361e+002    -1.98534858e+000    -1.98535156e+000     1.0e-006
190        2.79564361e+002     2.79564361e+002     3.88134379e-001     3.88126373e-001     5.8e-006
191        2.79564361e+002     2.79564361e+002     2.12138585e+000     2.12137985e+000     1.9e-006
192        2.79564361e+002     2.79564361e+002     9.41418747e-001     9.41421509e-001     1.4e-006
193        2.79564361e+002     2.79564360e+002     2.69763387e+000     2.69763565e+000     4.8e-007
194        2.79564361e+002     2.79564361e+002     6.74178825e-001     6.74179077e-001     1.5e-007
195        2.79564361e+002     2.79564360e+002     2.59237118e+000     2.59237480e+000     1.0e-006
196        2.79564361e+002     2.79564361e+002    -4.82758656e-001    -4.82757568e-001     7.3e-007
197        2.79564361e+002     2.79564361e+002    -1.60752798e+000    -1.60752487e+000     1.2e-006
198        2.79564361e+002     2.79564361e+002    -3.11225731e-001    -3.11222076e-001     2.8e-006
199        2.79564361e+002     2.79564361e+002     1.64709628e+000     1.64709473e+000     5.9e-007
200        2.79564361e+002     2.79564361e+002    -1.58571969e+000    -1.58572006e+000     1.5e-007
201        2.79564361e+002     2.79564361e+002     8.62313000e-001     8.62308502e-001     2.4e-006
202        2.79564361e+002     2.79564361e+002    -8.73176881e-001    -8.73176575e-001     1.6e-007
203        2.79564361e+002     2.79564361e+002     7.36624994e-001     7.36621857e-001     1.8e-006
204        2.79564361e+002     2.79564361e+002    -1.57784347e+000    -1.57784081e+000     1.0e-006
205        2.79564361e+002     2.79564361e+002     8.06349024e-002     8.06388855e-002     3.7e-006
206        2.79564360e+002     2.79564361e+002    -2.84597555e+000    -2.84597397e+000     4.1e-007
207        2.79564361e+002     2.79564361e+002    -7.27482140e-001    -7.27481842e-001     1.7e-007
208        2.79564361e+002     2.79564361e+002     6.14682597e-001     6.14683151e-001     3.4e-007
209        2.79564361e+002     2.79564361e+002    -4.73884809e-001    -4.73886490e-001     1.1e-006
210        2.79564361e+002     2.79564361e+002     1.71731998e+000     1.71732330e+000     1.2e-006
211        2.79564361e+002     2.79564361e+002    -8.88141064e-001    -8.88137817e-001     1.7e-006
212        2.79564360e+002     2.79564361e+002    -3.26232053e+000    -3.26232147e+000     2.2e-007
213        2.79564361e+002     2.79564361e+002    -1.73332317e+000    -1.73332977e+000     2.4e-006
214        2.79564361e+002     2.79564361e+002     1.46701293e+000     1.46701813e+000     2.1e-006
215        2.79564361e+002     2.79564361e+002    -1.71382172e-001    -1.71382904e-001     6.2e-007
--more--216        2.79564361e+002     2.79564361e+002     5.15909651e-001     5.15905380e-001     2.8e-006
217        2.79564361e+002     2.79564361e+002     1.30467328e+000     1.30467606e+000     1.2e-006
218        2.79564360e+002     2.79564361e+002    -2.98787031e+000    -2.98786736e+000     7.4e-007
219        2.79564361e+002     2.79564361e+002    -9.23475408e-001    -9.23477173e-001     9.2e-007
220        2.79564361e+002     2.79564361e+002    -1.00789167e+000    -1.00789070e+000     4.8e-007
221        2.79564361e+002     2.79564361e+002    -1.44722464e+000    -1.44722366e+000     4.0e-007
222        2.79564361e+002     2.79564361e+002    -2.75502997e-001    -2.75501251e-001     1.4e-006
223        2.79564361e+002     2.79564361e+002     2.11144432e+000     2.11144257e+000     5.6e-007
224        2.79564361e+002     2.79564361e+002    -6.76749049e-002    -6.76765442e-002     1.5e-006
225        2.79564361e+002     2.79564361e+002     1.71038196e+000     1.71038246e+000     1.9e-007
err =
  2.1304e-006
opt  %% v=1.4
  it     nf     cg           f             |g|
   0      1      0    2.79564361e+002   3.3e+000
   1      2      2    1.43526172e+002   1.8e-007
convergence rate=1.000000
elapsed time:0.312sec

-------------------------------
Optimization costs per grid
-------------------------------
N:         31    15     7     3
-------------------------------
NF(it):     1     0     0     0
NF(nf):     2     0     0     0
NF(cg):     2     0     0     0
-------------------------------

fschange('I:\MATLAB7\work\mgopt_gunay\BICONTROL\do_setup.m');
clear do_setup
opt  %%v=10^(-4)
  it     nf     cg           f             |g|
   0      1      0    1.44441108e+002   7.4e-002
   1      2      2    1.19916949e+002   6.5e-002
   2      3      4    9.84846864e+001   5.6e-002
   3      4      6    8.01443590e+001   4.7e-002
   4      5      8    6.48960107e+001   3.8e-002
   5      6     10    5.27396953e+001   3.0e-002
   6      7     12    4.34393261e+001   2.1e-002
   7      8     14    3.72970273e+001   1.3e-002
   8      9     16    3.44019642e+001   5.0e-003
   9     10     18    3.39586957e+001   4.7e-004
  10     11     21    3.39402706e+001   6.4e-005
  11     12     24    3.39397913e+001   1.9e-005
MODLNP 03: |p| = 0
  12     13     25    3.39397913e+001   1.9e-005
  13     14     27    3.39397694e+001   1.8e-005
  14     15     30    3.39397650e+001   1.6e-005
MODLNP 03: |p| = 0
  15     16     31    3.39397650e+001   1.6e-005
  16     17     33    3.39397622e+001   1.1e-005
MODLNP 03: |p| = 0
  17     18     34    3.39397622e+001   1.1e-005
  18     19     36    3.39397606e+001   8.5e-006
MODLNP 03: |p| = 0
  19     20     37    3.39397606e+001   8.5e-006
  20     21     39    3.39397597e+001   6.9e-006
MODLNP 03: |p| = 0
  21     22     40    3.39397597e+001   6.9e-006
  22     23     42    3.39397591e+001   5.2e-006
MODLNP 03: |p| = 0
  23     24     43    3.39397591e+001   5.2e-006
  24     25     45    3.39397587e+001   4.9e-006
MODLNP 03: |p| = 0
  25     26     46    3.39397587e+001   4.9e-006
  26     27     48    3.39397584e+001   4.2e-006
MODLNP 03: |p| = 0
  27     28     49    3.39397584e+001   4.2e-006
  28     29     51    3.39397581e+001   3.7e-006
MODLNP 03: |p| = 0
  29     30     52    3.39397581e+001   3.7e-006
  30     31     55    3.39397570e+001   2.0e-006
MODLNP 03: |p| = 0
  31     32     56    3.39397570e+001   2.0e-006
  32     33     58    3.39397568e+001   6.4e-007
MODLNP 03: |p| = 0
  33     34     59    3.39397568e+001   6.4e-007
  34     35     61    3.39397568e+001   7.6e-007
  35     36     63    3.39397568e+001   7.3e-007
MODLNP 03: |p| = 0
  36     37     64    3.39397568e+001   7.3e-007
  37     38     66    3.39397568e+001   4.4e-007
MODLNP 03: |p| = 0
  38     39     67    3.39397568e+001   4.4e-007
  39     40     69    3.39397568e+001   4.8e-007
MODLNP 03: |p| = 0
  40     41     70    3.39397568e+001   4.8e-007
  41     42     72    3.39397568e+001   3.3e-007
MODLNP 03: |p| = 0
  42     43     73    3.39397568e+001   3.3e-007
  43     44     76    3.39397568e+001   1.4e-007
MODLNP 03: |p| = 0
  44     45     77    3.39397568e+001   1.4e-007
convergence rate=0.489042
elapsed time:7.3164sec

-------------------------------
Optimization costs per grid
-------------------------------
N:         31    15     7     3
-------------------------------
NF(it):    44     0     0     0
NF(nf):    45     0     0     0
NF(cg):    77     0     0     0
-------------------------------

diary off
