opt
  it     nf     cg           f             |g|
   0      1      0    3.21881977e+003   1.1e-001
alpha0 =
  2.7579e-001
   1      2      2    1.94640204e+003   8.2e-002
alpha0 =
  3.6797e-001
   2      3      4    1.10289699e+003   5.2e-002
alpha0 =
  5.3671e-001
   3      4      6    6.61463902e+002   2.5e-002
alpha0 =
  8.6433e-001
   4      5      8    5.42329242e+002   3.6e-003
alpha0 =
  3.8954e-002
   5      6     10    5.42144393e+002   3.4e-003
alpha0 =
  3.1971e-001
   6      7     12    5.40943001e+002   2.3e-003
alpha0 =
  6.1502e-003
   7      8     14    5.40930190e+002   2.3e-003
alpha0 =
  4.5869e-002
   8      9     16    5.40837691e+002   2.2e-003
alpha0 =
  1.0745e-001
   9     10     18    5.40646539e+002   1.9e-003
alpha0 =
  1.5801e-002
  10     11     20    5.40623023e+002   1.9e-003
alpha0 =
  1.5496e-002
  11     12     22    5.40600677e+002   1.9e-003
alpha0 =
  4.5758e-002
  12     13     24    5.40537687e+002   1.8e-003
alpha0 =
  2.8472e-003
  13     14     26    5.40534037e+002   1.8e-003
alpha0 =
  3.4911e-002
  14     15     28    5.40490263e+002   1.7e-003
alpha0 =
  8.1360e-003
  15     16     30    5.40480629e+002   1.7e-003
alpha0 =
  2.7455e-002
  16     17     32    5.40448953e+002   1.7e-003
alpha0 =
  3.9587e-003
  17     18     34    5.40444580e+002   1.6e-003
alpha0 =
  2.9427e-002
  18     19     36    5.40412745e+002   1.6e-003
alpha0 =
  2.3705e-003
  19     20     38    5.40410295e+002   1.6e-003
alpha0 =
  1.0333e-003
  20     21     40    5.40409232e+002   1.6e-003
alpha0 =
  8.8704e-003
  21     22     42    5.40400158e+002   1.6e-003
alpha0 =
  2.0463e-002
  22     23     44    5.40379716e+002   1.5e-003
alpha0 =
  2.0816e-002
  23     24     46    5.40359764e+002   1.5e-003
alpha0 =
  6.1463e-003
  24     25     48    5.40354072e+002   1.5e-003
alpha0 =
  2.6203e-002
  25     26     50    5.40330346e+002   1.5e-003
alpha0 =
  1.9062e-002
  26     27     52    5.40313916e+002   1.4e-003
alpha0 =
  4.1113e-002
  27     28     54    5.40280192e+002   1.4e-003
alpha0 =
  5.7094e-002
  28     29     56    5.40237467e+002   1.3e-003
alpha0 =
  3.5969e-002
  29     30     58    5.40213264e+002   1.2e-003
alpha0 =
  7.7497e-002
  30     31     60    5.40165814e+002   1.1e-003
alpha0 =
  6.2773e-004
  31     32     62    5.40165474e+002   1.1e-003
alpha0 =
  1.7609e-003
  32     33     64    5.40164521e+002   1.1e-003
alpha0 =
  1.2463e-002
  33     34     66    5.40157836e+002   1.1e-003
alpha0 =
  2.2882e-002
  34     35     68    5.40145929e+002   1.1e-003
alpha0 =
  2.1172e-002
  35     36     70    5.40135399e+002   1.1e-003
alpha0 =
  3.2404e-002
  36     37     72    5.40120046e+002   1.0e-003
alpha0 =
  3.0779e-001
  37     38     74    5.40002599e+002   7.1e-004
alpha0 =
  2.5379e-001
  38     39     76    5.39954553e+002   5.3e-004
alpha0 =
  1.0284e-001
  39     40     78    5.39942758e+002   4.7e-004
alpha0 =
  2.5798e-001
  40     41     80    5.39920885e+002   3.5e-004
alpha0 =
  3.2956e-002
  41     42     82    5.39919147e+002   3.4e-004
alpha0 =
  6.7806e-003
  42     43     84    5.39918808e+002   3.4e-004
alpha0 =
  1.4726e-001
  43     44     86    5.39912058e+002   2.9e-004
alpha0 =
  3.4821e-002
  44     45     88    5.39910826e+002   2.8e-004
alpha0 =
  1.0474e-002
  45     46     90    5.39910477e+002   2.7e-004
alpha0 =
  1.1601e-002
  46     47     92    5.39910098e+002   2.7e-004
alpha0 =
  1.2996e-002
  47     48     94    5.39909684e+002   2.7e-004
alpha0 =
  9.6828e-001
  48     49     96    5.39894082e+002   7.7e-006
alpha0 =
     1
  49     50     99    5.39894059e+002   1.2e-007
LMQNBC: termination 5
time elpased is  12.7344

-------------------
Optimization costs per grid
-------------------
N:         63    31
-------------------
NF(it):    49     0
NF(nf):    50     0
NF(cg):    99     0
-------------------

diary off
