opt_b
  it     nf     cg           f             |g|
   0      1      0   -7.54537202e+003   1.2e+002
   1      5     18   -7.60081888e+003   1.6e+002
   2     10     29   -7.60805564e+003   6.3e+001
   3     15     36   -7.60865077e+003   4.3e+001
   4     20     44   -7.60988444e+003   2.7e+001
   5     24     61   -7.61302568e+003   6.4e+001
   6     29     74   -7.61335887e+003   3.2e+001
   7     34     86   -7.61349378e+003   2.6e+001
   8     39     92   -7.61353675e+003   2.1e+001
   9     44    107   -7.61358380e+003   1.1e+001
  10     49    116   -7.61359757e+003   7.4e+000
  11     54    124   -7.61360192e+003   4.5e+000
  12     59    131   -7.61360371e+003   3.2e+000
  13     64    137   -7.61360462e+003   2.0e+000
  14     69    143   -7.61360499e+003   1.3e+000
  15     74    148   -7.61360514e+003   8.9e-001
  16     79    152   -7.61360520e+003   6.5e-001
  17     84    155   -7.61360523e+003   4.2e-001
  18     89    159   -7.61360524e+003   2.8e-001
  19     94    166   -7.61360525e+003   1.5e-001
  20     99    173   -7.61360526e+003   2.7e-002
inner iteration converges
f=-7.51036400e+003   gnorm=1.6e+002    penalty=4.1e+000   it=1
time elpased is  0.375

-------------------
Optimization costs per grid
-------------------
N:         35    17
-------------------
NF(it):    20     0
NF(nf):    99     0
NF(cg):   173     0
-------------------

opt_b
  it     nf     cg           f             |g|
   0      1      0   -7.41617175e+003   1.6e+002
   1      5     18   -7.58480672e+003   2.4e+002
   2     10     29   -7.59769377e+003   1.1e+002
   3     15     35   -7.59958177e+003   6.5e+001
   4     19     54   -7.61149746e+003   3.3e+001
   5     23     62   -7.61300704e+003   2.2e+001
   6     27     70   -7.61337230e+003   1.0e+001
   7     31     81   -7.61352686e+003   4.2e+000
error in back tracking line search
   8     32     92   -7.61358284e+003   2.8e+000
   9     36    103   -7.61359383e+003   9.6e-001
  10     41    115   -7.61360170e+003   7.4e-001
  11     45    123   -7.61360507e+003   3.4e-001
  12     49    131   -7.61360524e+003   7.1e-002
inner iteration converges
f=-7.51034562e+003   gnorm=1.6e+002    penalty=4.1e+000   it=1
time elpased is  0.53125

-------------------
Optimization costs per grid
-------------------
N:         35    17
-------------------
NF(it):    12     0
NF(nf):    49     0
NF(cg):   131     0