   0.00003988959892
   0.00022817289162
   0.00107336556711
   0.00202556098425
   0.00315348712994
   0.00325829139059
   0.00337407489209
   0.00471216232718
   0.00588478976399
   0.00622690374246
   0.00685779174099
   0.00732884515454
   0.00742369602388
   0.00761192004993
   0.00775946598781
   0.00842206374608
   0.00962183240254
   0.01193046668521
   0.01288630558026
   0.01289050022433
   0.01295782954651
   0.01326636552195
   0.01344538310051
   0.01346241510778
   0.01362635277951
   0.01475552503607
   0.01552095723531
   0.01595377851983
   0.01619748397441
   0.01778763012322
   0.02006347700302
   0.02031448544805
   0.02169891429794
   0.02249329341402
   0.02255512045603
   0.02374387087930
   0.02636956625119
   0.02675730217570
   0.02687659277620
   0.02719039828199
   0.02938154824624
   0.03098362088360
   0.03105405343660
   0.03241856441350
   0.03559996705196
   0.03698298275336
   0.03833315716594
   0.03856069587064
   0.04078015460217
   0.04289812519618
   0.04302869120570
   0.04306248160952
   0.04452752039203
   0.04480234029099
   0.04536723842085
   0.04639211227643
   0.04826222780308
   0.04828988218065
   0.04833325146314
   0.04920844188804
   0.05269268768797
   0.05277618606804
   0.05403101734949
   0.05496920840907
   0.05520228889414
   0.05818784781309
   0.05823736271604
   0.05843536231561
   0.05947668054252
   0.06094145094673
   0.06391072051807
   0.06469260213201
   0.06496961875484
   0.06503435388286
   0.06531368834013
   0.06638195886471
   0.06648714580160
   0.06715461078093
   0.06804718225799
   0.06824661097009
   0.06827680907489
   0.06931823789876
   0.07066919135087
   0.07125000846147
   0.07428960909408
   0.07432149288451
   0.07478277755889
   0.07496494892427
   0.07675402421130
   0.07691701084412
   0.08116370409078
   0.08261261789649
   0.08347763342195
   0.08500060621463
   0.08742188513626
   0.09030726217349
   0.09099035774397
   0.09128771732126
   0.09289611616163
   0.09292366438782
   0.09389649759734
   0.09393628475517
   0.09403486897279
   0.09583743614642
   0.09595779833005
   0.09679571194801
   0.09719506601783
   0.09744672751663
   0.10215259581211
   0.10297652227336
   0.10344979596434
   0.10548050266922
   0.10617579350577
   0.11023852454734
   0.11065184976851
   0.11121643822713
   0.11175640036763
   0.11207217019566
   0.11307982912594
   0.11412313452028
   0.11450920646553
   0.11481504761996
   0.11483134052851
   0.11651515961463
   0.11888855768405
   0.12049466753870
   0.12211876667335
   0.12327869431838
   0.12522726865719
   0.12619673363310
   0.12880348635969
   0.12910009763658
   0.13020167148923
   0.13066575162713
   0.13113839299682
   0.13123716175174
   0.13127863820392
   0.13161932006847
   0.13257184523169
   0.13329862226675
   0.13397075785797
   0.13407711980966
   0.13471797381778
   0.13478768782892
   0.13514349487199
   0.13586439418223
   0.13596515095841
   0.13626026755605
   0.13681926907858
   0.13718931253681
   0.13943238313957
   0.13973137041890
   0.14142585225120
   0.14432045146450
   0.14532199168419
   0.14931033551242
   0.14997168415117
   0.15231971914449
   0.15237783617772
   0.15259362204160
   0.15566798357384
   0.15637611939242
   0.15669089673137
   0.15683486507436
   0.15733666589791
   0.15831591726831
   0.15926481806620
   0.15953482667410
   0.16111822555138
   0.16130134984411
   0.16228023105337
   0.16263889824040
   0.16279820332962
   0.16295554196518
   0.16297933609383
   0.16327829587212
   0.16341904642564
   0.16511259876273
   0.16583996127952
   0.16615341510747
   0.16836628858216
   0.16853444308054
   0.16902126081403
   0.16903039791017
   0.16930585909428
   0.17030911013061
   0.17070131458366
   0.17113910702275
   0.17147322140195
   0.17152025680889
   0.17238330722223
   0.17599564133654
   0.17785435990905
   0.17847862101202
   0.18033067257123
   0.18122316694957
   0.18131632887070
   0.18239962465255
   0.18336363250440
   0.18343205294746
   0.18448899161262
   0.18506508301102
   0.18626101704725
   0.18644523587836
   0.18698952586200
   0.19015331660292
   0.19186326445344
   0.19186574570549
   0.19229142067788
   0.19300765197862
   0.19302001785956
   0.19323631362393
   0.19566205169413
   0.19570817386425
   0.19573076378328
   0.19578714240605
   0.19622883051939
   0.19899725856269
   0.20069557247496
   0.20275889565557
   0.20332258231383
   0.20378516656860
   0.20417139458616
   0.20473616926929
   0.20554090776415
   0.20765658836866
   0.20834854043572
   0.21098802213339
   0.21299365889249
   0.21322937650820
   0.21406285585091
   0.21536618531479
   0.21681209030110
   0.21874351401172
   0.21878112401717
   0.22066403262458
   0.22157934638561
   0.22332631265321
   0.22478673066375
   0.22715371505134
   0.22743580950352
   0.22804780775277
   0.22857670585214
   0.22929028029673
   0.22984864742274
   0.23115882490824
   0.23140379687808
   0.23192084294881
   0.23227724731188
   0.23272666414410
   0.23339548582778
   0.23463669946988
   0.23756508204022
   0.23849413705441
   0.23994936727354
   0.24053027860043
   0.24105868941360
   0.24117230851775
   0.24166086284016
   0.24172190906598
   0.24521750857052
   0.24569504346759
   0.24682325814899
   0.24910272428979
   0.25067278128818
   0.25127131353420
   0.25167601188548
   0.25177620393809
   0.25268925614472
   0.25278365106102
   0.25278980433315
   0.25424693462367
   0.25435425702002
   0.25526220548268
   0.25842740296886
   0.25927894114852
   0.25937997356308
   0.26027240745158
   0.26054157095404
   0.26219944936161
   0.26246770420876
   0.26321391517561
   0.26394485530140
   0.26867729143996
   0.26881711105881
   0.26898164629719
   0.27215743638413
   0.27509982146621
   0.27599112998423
   0.27602966341957
   0.27643472050230
   0.27685971398635
   0.27811547538230
   0.27889541748836
   0.28106397609221
   0.28215885111886
   0.28434275680974
   0.28527941216951
   0.28567163922890
   0.28753186420811
   0.28862881525568
   0.28943311835481
   0.28966393753488
   0.29156041075488
   0.29190112230231
   0.29225705026834
   0.29225798753701
   0.29304897103080
   0.29724492928274
   0.29727402205135
   0.29866380970745
   0.29879878784766
   0.29988566146465
   0.30010271683419
   0.30196018467887
   0.30540114058502
   0.30623147598198
   0.30634935951390
   0.30663286214667
   0.30729608492168
   0.30865401299200
   0.30874179662273
   0.30916819617825
   0.30994135944849
   0.31002978895048
   0.31003745781929
   0.31040222606742
   0.31093367694326
   0.31105855909737
   0.31255449799358
   0.31321696463502
   0.31339736833612
   0.31343497642755
   0.31373048756373
   0.31392999000307
   0.31668941868863
   0.31775067943992
   0.31787897096977
   0.31916564456858
   0.32227517328553
   0.32272443150537
   0.32424592007549
   0.32558443941652
   0.32670948024619
   0.32788295728220
   0.32848556892483
   0.32926621032731
   0.32986477795658
   0.33004915444672
   0.33110008113958
   0.33111078589843
   0.33145213083808
   0.33169298828303
   0.33228697854100
   0.33309506742084
   0.33331265240577
   0.33380144356025
   0.33508337871470
   0.33563294335217
   0.33943415358226
   0.34020344729273
   0.34206109426134
   0.34292785596815
   0.34314769372783
   0.34381659270584
   0.34496601390292
   0.34724408649921
   0.34976834817825
   0.35254176839317
   0.35438192656875
   0.35544291691629
   0.35762511694916
   0.35801711338781
   0.35841851601709
   0.35922196097306
   0.36180601049100
   0.36250301752833
   0.36448714302089
   0.36619871376240
   0.36774413347368
   0.36831731627942
   0.36832756291460
   0.36845815320189
   0.36969071853091
   0.37069959908571
   0.37080265930488
   0.37093934360993
   0.37231214663701
   0.37332594054433
   0.37352296992537
   0.37406572403906
   0.37424309175536
   0.37429258405998
   0.37514465800556
   0.37695369139812
   0.37714897025341
   0.37960413333463
   0.37961734227069
   0.37981774963169
   0.38007630696746
   0.38015200387712
   0.38072993767740
   0.38291447227634
   0.38375166755500
   0.38437404616299
   0.38474472366321
   0.38787078473084
   0.39110087399016
   0.39161722266101
   0.39314599333022
   0.39652384091942
   0.39654678830542
   0.39690379186910
   0.39743192925678
   0.39744796966888
   0.39870305131441
   0.39943358509899
   0.39979384565321
   0.40095910617527
   0.40139129665281
   0.40215268346431
   0.40302005049167
   0.40409288558169
   0.40751498008925
   0.40775702195666
   0.40808549928604
   0.40999739977203
   0.41090418242429
   0.41098965605937
   0.41279121805843
   0.41364985967756
   0.41519170418489
   0.41606383112972
   0.41610355839540
   0.41635310614639
   0.41754097237972
   0.41943271556214
   0.42099713046814
   0.42219482740000
   0.42322912171759
   0.42478717212583
   0.43153672554367
   0.43298913167611
   0.43502603854889
   0.43736382368091
   0.43740885821762
   0.43773386431474
   0.43965367656930
   0.44074842869292
   0.44158548534908
   0.44190695497058
   0.44294832804258
   0.44431740549861
   0.44535472817797
   0.44864920509189
   0.44973046721140
   0.44994645394881
   0.45133767210434
   0.45172239252062
   0.45223966671489
   0.45423651125920
   0.45456093804709
   0.45572596227170
   0.45696830113620
   0.45740625599965
   0.45771269939244
   0.45773905710335
   0.45820421532940
   0.46043917062401
   0.46188778158770
   0.46232140720459
   0.46325241615780
   0.46375880785446
   0.46407820219656
   0.46615497822012
   0.46622831538689
   0.46648183442617
   0.46801362321798
   0.46877327562474
   0.46997786685494
   0.47101215363558
   0.47115590920658
   0.47225568256406
   0.47341221702616
   0.47659188533923
   0.47675299287471
   0.47757560916815
   0.47865839326953
   0.47915922492649
   0.47963118476288
   0.47968680568842
   0.47980839056080
   0.48068782269310
   0.48305999359285
   0.48383121207424
   0.48402239710504
   0.48409788484671
   0.48558916089961
   0.48581275913969
   0.48639814858907
   0.48661131073810
   0.48692499554190
   0.48766697476487
   0.48790931596851
   0.48800188555400
   0.48814351823995
   0.49284926676745
   0.49387008358255
   0.49487475600258
   0.49600492655693
   0.49606074947763
   0.49743177607138
   0.50194433518580
   0.50287580358404
   0.50392759861109
   0.50407844366520
   0.50552220730513
   0.50676728235104
   0.50817921236946
   0.50876267805541
   0.50920600181456
   0.50929074056170
   0.51015302704298
   0.51126277346731
   0.51217432878628
   0.51360850166114
   0.51467762090920
   0.51473739946687
   0.51488031898783
   0.51520789947306
   0.51591605614425
   0.51625199691968
   0.51952868837487
   0.52162233919649
   0.52370359441131
   0.52435710756869
   0.52474549024218
   0.52509370163060
   0.52652240068063
   0.52748239896368
   0.52940072967196
   0.53137831784105
   0.53249823014311
   0.53645103502741
   0.53651682273834
   0.53688064700603
   0.53758345341153
   0.53850678392810
   0.53960110587298
   0.54176378954451
   0.54211787030067
   0.54218739729741
   0.54480906443238
   0.54564582471649
   0.54592415509902
   0.54634874016081
   0.54805243818785
   0.54899644227624
   0.55034439815006
   0.55202350452492
   0.55204308024536
   0.55511549075792
   0.55681465765233
   0.55819652781238
   0.55855852822468
   0.56041044853797
   0.56081672777543
   0.56119625481336
   0.56157936971631
   0.56243200645073
   0.56296257204086
   0.56456859401600
   0.56505387085473
   0.56573036775284
   0.56597888637015
   0.56762331386635
   0.56948059670006
   0.57270334734800
   0.57441796740691
   0.57516004562718
   0.57523452014102
   0.57884079523867
   0.57961489279141
   0.58121843730350
   0.58159433744389
   0.58248387501620
   0.58266453899082
   0.58488691675792
   0.58550182941641
   0.58617831653122
   0.58744139847045
   0.58758709560098
   0.58769677199604
   0.58873933451001
   0.59179651595188
   0.59330283901198
   0.59377051913576
   0.59436441620673
   0.59449293788824
   0.59948077825581
   0.59984131751359
   0.60131757786747
   0.60211690829173
   0.60312311694608
   0.60412352574302
   0.60493711005296
   0.60586579416040
   0.60616093977253
   0.60810565644666
   0.60971498891343
   0.60975413782786
   0.61035042132907
   0.61137686791422
   0.61189852165295
   0.61327103549268
   0.61329571570997
   0.61411812448134
   0.61548700330023
   0.61556805264356
   0.61590865550273
   0.61663323497943
   0.61699542090841
   0.61798971619370
   0.61856262419396
   0.62185335206624
   0.62233076915716
   0.62260115869561
   0.62339418254425
   0.62479653698626
   0.62493984587248
   0.62554739811781
   0.62641267463761
   0.62908555098152
   0.62949929257824
   0.62986560726316
   0.63444276432464
   0.63633189865263
   0.63654690532823
   0.63675758780559
   0.63678745111922
   0.63699564688074
   0.63712194084590
   0.63757064426690
   0.63819321910875
   0.63822138259275
   0.63898656787775
   0.64050078004385
   0.64064118528498
   0.64120266333362
   0.64157116784600
   0.64167443102594
   0.64181665598733
   0.64310149188404
   0.64330969645570
   0.64340073886006
   0.64722082252465
   0.64921982222212
   0.64966741496247
   0.64986813059250
   0.65004983165096
   0.65083202245750
   0.65155113250668
   0.65163981658873
   0.65178982944221
   0.65232469369173
   0.65352398100275
   0.65414930371932
   0.65530481956319
   0.65598213825599
   0.65635111059686
   0.65661853567588
   0.65794492411838
   0.65861265398795
   0.65950154816524
   0.65978284995999
   0.66015651375116
   0.66042739952377
   0.66093213223947
   0.66189901492686
   0.66316200784711
   0.66554602710713
   0.66582340850119
   0.66650025949253
   0.66743212854587
   0.66784589373851
   0.66830641006672
   0.66900007931014
   0.67016214469217
   0.67098263396985
   0.67243639077270
   0.67365301114474
   0.67383411686207
   0.67427164210651
   0.67641130088229
   0.67676528824900
   0.67725379687956
   0.67734595270475
   0.67811673869365
   0.67870762054489
   0.67871987585443
   0.67985825940627
   0.68133515496333
   0.68133907546657
   0.68318104876911
   0.68463882650618
   0.68514000022587
   0.68543027456834
   0.68588997324076
   0.68682686021143
   0.68963692842011
   0.69079916147917
   0.69155990261747
   0.69187848306661
   0.69275734763241
   0.69330212077246
   0.69510237266146
   0.69778483020788
   0.69858766614060
   0.69864110832292
   0.70001995640067
   0.70102291311395
   0.70320333825398
   0.70448630187242
   0.70592893157568
   0.70674711867878
   0.71202984116668
   0.71290102207029
   0.71322972460880
   0.71334569050180
   0.71378506459614
   0.71396084453493
   0.71479723187621
   0.71568904675752
   0.71689413322020
   0.71720259396924
   0.71841459107942
   0.72036968576815
   0.72067988411464
   0.72091503003231
   0.72180028451676
   0.72213976787165
   0.72228567607446
   0.72473388700167
   0.72500937095222
   0.72556127929782
   0.72578930942999
   0.72717698369793
   0.72860019101802
   0.73082814438453
   0.73155078533329
   0.73327669433530
   0.73392625695167
   0.73399631681612
   0.73531148768513
   0.73740431545863
   0.73772199721670
   0.73791018960645
   0.73874776984805
   0.74180540987524
   0.74230513350906
   0.74297796819983
   0.74388453009147
   0.74390195228537
   0.74864940895617
   0.74961164457208
   0.75045811318105
   0.75384599668769
   0.75402266585382
   0.75521066966761
   0.75569099493190
   0.75584533578518
   0.75730017747461
   0.75856859902288
   0.76126076031839
   0.76170319132169
   0.76229472765220
   0.76266646976277
   0.76387647918412
   0.76456715523897
   0.76491150972963
   0.76659483687222
   0.76719735697216
   0.76754963353180
   0.76880950325876
   0.76908111697867
   0.77014853347311
   0.77088183623354
   0.77208779994311
   0.77267959719962
   0.77287548033663
   0.77619250583571
   0.77719684828206
   0.77719861718657
   0.77907924748677
   0.77986777945463
   0.78050604378645
   0.78196184196050
   0.78256725193959
   0.78292797540788
   0.78425416426567
   0.78692438966980
   0.78714312888693
   0.78813304545715
   0.78878299627742
   0.78879187320470
   0.79022400217776
   0.79183160233589
   0.79261032066378
   0.79272079365552
   0.79278370734668
   0.79366701865098
   0.79523097284900
   0.79695784858196
   0.79839063599627
   0.79920229134816
   0.79995057497954
   0.80209765848011
   0.80221322488317
   0.80303089825951
   0.80346218776065
   0.80619821541180
   0.80683078382430
   0.80981368213943
   0.81040852205727
   0.81212590605905
   0.81330552470443
   0.81372100675124
   0.81497681890953
   0.81588679602173
   0.81689231949395
   0.81728067499748
   0.81746853554695
   0.81931657679534
   0.81936365923277
   0.82064368228574
   0.82071700872156
   0.82088428662619
   0.82211740176339
   0.82283545552780
   0.82291299675129
   0.82401153401981
   0.82667103928469
   0.82802584180592
   0.82816690194071
   0.82932609313698
   0.83279912459845
   0.83302723293135
   0.83525939869157
   0.83637560325357
   0.83685155581648
   0.83855545301914
   0.84238223653690
   0.84319408323594
   0.84369242456211
   0.84451594383222
   0.84489117309927
   0.84599050120645
   0.84729945824329
   0.84800944806396
   0.84805722441693
   0.85056678324539
   0.85293049763065
   0.85519696972364
   0.85603719372078
   0.85708293052510
   0.85778559630400
   0.86204490014984
   0.86236466166105
   0.86308689221726
   0.86363421812374
   0.86519670153085
   0.86602060197296
   0.86626227389544
   0.86674820437397
   0.86733999971377
   0.86738554997412
   0.86779769201454
   0.86863524403497
   0.86915242557588
   0.87021582204422
   0.87051707180932
   0.87136461659408
   0.87535098307003
   0.87683002419360
   0.87794146544435
   0.87830877650089
   0.87915348242598
   0.87921184578608
   0.88015418484639
   0.88070533183991
   0.88141861352666
   0.88149866051530
   0.88315284579334
   0.88349350189277
   0.88376633493656
   0.88402194967515
   0.88413232900932
   0.88478628848093
   0.88647996364427
   0.88920608445678
   0.88934721323250
   0.89085396492376
   0.89118280244590
   0.89147556611252
   0.89333022190280
   0.89455367603384
   0.89520169043506
   0.89664814615441
   0.89758832227525
   0.89860885631665
   0.89946878769219
   0.89951309184368
   0.89951820735771
   0.90030621565420
   0.90164662575667
   0.90330540682053
   0.90494922003894
   0.90556697022492
   0.90703504090075
   0.90733652646220
   0.90826256310675
   0.90887473280481
   0.90960044573567
   0.91141746469430
   0.91208182041019
   0.91247718187468
   0.91376323973698
   0.91708978682333
   0.91745703925845
   0.91755720321906
   0.91921660273948
   0.91935527530831
   0.92219639271738
   0.92234958118347
   0.92278964215034
   0.92382979384606
   0.92418431630958
   0.92487529164765
   0.92667831063831
   0.92710308604906
   0.92751614981572
   0.93024706540051
   0.93322985930351
   0.93386481580036
   0.93429962864072
   0.93451169076794
   0.93582494284705
   0.93819943010121
   0.93825747990822
   0.93979304052511
   0.94134842400359
   0.94145447264426
   0.94181514985711
   0.94238725438048
   0.94251124332529
   0.94342546055831
   0.94405571014894
   0.94406607358821
   0.94408491786953
   0.94423471389862
   0.94523514352516
   0.94559716171489
   0.94608693093668
   0.94734263841893
   0.94770337680214
   0.94851732074964
   0.95049934191050
   0.95156251679072
   0.95192426490171
   0.95222322650926
   0.95227753892102
   0.95428637449904
   0.95440651002319
   0.95509863327513
   0.95620461255689
   0.95686666404179
   0.95733018290327
   0.95821429290741
   0.95852608474333
   0.96183852459783
   0.96358605919400
   0.96363559619968
   0.96412426837254
   0.96458348770916
   0.96569796094926
   0.96670262965380
   0.96713351383115
   0.96780449334565
   0.96845083939079
   0.96916627244253
   0.96945923205316
   0.96970170497170
   0.97047237460911
   0.97060457463072
   0.97106427913873
   0.97148151904438
   0.97451480138492
   0.97571470672298
   0.97759474829004
   0.97759973943565
   0.97808165298100
   0.97850302244832
   0.97858513052293
   0.97979167442995
   0.98048127454584
   0.98072663130459
   0.98114025131599
   0.98201256829658
   0.98300280500601
   0.98371191819526
   0.98538908210276
   0.98656686410091
   0.98852563646761
   0.98859337734295
   0.98977939932721
   0.99094832031314
   0.99116675365200
   0.99130491903456
   0.99264564668051
   0.99406089256727
   0.99483254117512
   0.99486891397038
   0.99619771855170
   0.99806224526105
   0.99923075445856
