   0.00487443343587
   0.01461638830224
   0.02433934501952
   0.03401873070007
   0.04361317782629
   0.05306509334587
   0.06230611600970
   0.07126623838179
   0.07988451603154
   0.08811901036416
   0.09595392392627
   0.10340263076645
   0.11050623055609
   0.11732811968728
   0.12394571161265
   0.13044079349404
   0.13689009712115
   0.14335753735863
   0.14988926646992
   0.15651222357663
   0.16323624917992
   0.17005915413959
   0.17697351076266
   0.18397353697973
   0.19106041572292
   0.19824478220197
   0.20554584219367
   0.21298745508432
   0.22059226947868
   0.22837541346991
   0.23633920779537
   0.24446993322239
   0.25273702237107
   0.26109440292638
   0.26948330687543
   0.27783578481303
   0.28607839049655
   0.29413587646522
   0.30193506712396
   0.30940919103458
   0.31650280514566
   0.32317710095280
   0.32941500501010
   0.33522524702439
   0.34064457846054
   0.34573758596632
   0.35059395819078
   0.35532348281154
   0.36004934358761
   0.36490039925866
   0.37000308804489
   0.37547350061958
   0.38141008920310
   0.38788747081460
   0.39495181136052
   0.40261826992987
   0.41087086546169
   0.41966487476058
   0.42893152566092
   0.43858441085711
   0.44852682534667
   0.45865919085856
   0.46888586817475
   0.47912089792917
   0.48929244547711
   0.49934586844755
   0.50924534898313
   0.51897397902648
   0.52853214656615
   0.53793413728186
   0.54720309073593
   0.55636481206040
   0.56544134290258
   0.57444549368041
   0.58337758491379
   0.59222534338329
   0.60096725377999
   0.60957880338533
   0.61804020265773
   0.62634358648978
   0.63449762265644
   0.64252796970999
   0.65047305127377
   0.65837589124747
   0.66627392670658
   0.67418943146771
   0.68212321240047
   0.69005354693496
   0.69794108558043
   0.70573897257001
   0.71340612008799
   0.72092073231998
   0.72829100481252
   0.73556044240534
   0.74280630918855
   0.75013110205387
   0.75764833448889
   0.76546505139919
   0.77366415256097
   0.78228966157578
   0.79133753424897
   0.80075356756555
   0.81043865791385
   0.82026033208563
   0.83006840598604
   0.83971202687809
   0.84905533486438
   0.85798951870110
   0.86643999360917
   0.87436855182942
   0.88177134687234
   0.88867421778484
   0.89512699285491
   0.90119804145996
   0.90696963909965
   0.91253395676473
   0.91798897844619
   0.92343358881985
   0.92896147775137
   0.93465420901130
   0.94057450008471
   0.94676115014905
   0.95322693755439
   0.95996018036446
   0.96692970416324
   0.97409200985950
   0.98139881448484
   0.98880307850804
   0.99626217424821
  