   0.00301730195335
   0.00906829098476
   0.01516646793022
   0.02133036136916
   0.02756077977847
   0.03383880548534
   0.04012748706855
   0.04637668795647
   0.05252990169910
   0.05853151756588
   0.06433309209727
   0.06989761052258
   0.07520135438593
   0.08023362138366
   0.08499498503346
   0.08949493574009
   0.09374962151956
   0.09778010481912
   0.10161120657189
   0.10527073657140
   0.10878877502293
   0.11219668152890
   0.11552563268188
   0.11880467864012
   0.12205851213128
   0.12530531423831
   0.12855513871038
   0.13180928647060
   0.13506098688272
   0.13829745308451
   0.14150306213323
   0.14466310512128
   0.14776734885268
   0.15081262475414
   0.15380384458113
   0.15675320752281
   0.15967782106937
   0.16259638149107
   0.16552582024951
   0.16847883149211
   0.17146293754917
   0.17448129322760
   0.17753491221512
   0.18062558137552
   0.18375854293894
   0.18694412684267
   0.19019786653523
   0.19353911093826
   0.19698859413979
   0.20056570063119
   0.20428618874695
   0.20816091554841
   0.21219572824947
   0.21639228215079
   0.22074924656644
   0.22526326228909
   0.22992914387367
   0.23473913170594
   0.23968138902582
   0.24473827799651
   0.24988511952653
   0.25509007627072
   0.26031550292532
   0.26552066532916
   0.27066527896174
   0.27571301197481
   0.28063405506482
   0.28540611591172
   0.29001368274316
   0.29444596507799
   0.29869436631645
   0.30275050877334
   0.30660564551002
   0.31025180689968
   0.31368440421155
   0.31690546149993
   0.31992636133745
   0.32276906968577
   0.32546522702160
   0.32805312034915
   0.33057318288573
   0.33306310649328
   0.33555376369291
   0.33806689464601
   0.34061500459475
   0.34320330498558
   0.34583300763043
   0.34850499669769
   0.35122291922500
   0.35399500682827
   0.35683434487838
   0.35975769249860
   0.36278321783147
   0.36592761658217
   0.36920307224278
   0.37261447353069
   0.37615728829639
   0.37981650421511
   0.38356702637139
   0.38737579146232
   0.39120557474380
   0.39502006284766
   0.39878935532455
   0.40249478953465
   0.40613198000765
   0.40971126540365
   0.41325530181981
   0.41679418734358
   0.42035907656719
   0.42397559933556
   0.42765845589499
   0.43140831947988
   0.43521170102818
   0.43904382323289
   0.44287393223270
   0.44667196177629
   0.45041515697841
   0.45409323336409
   0.45771091763062
   0.46128725697031
   0.46485179758094
   0.46843846970399
   0.47207859949383
   0.47579473684588
   0.47959684577580
   0.48348185272006
   0.48743670315413
   0.49144414495764
   0.49548968535241
   0.49956777627886
   0.50368539691489
   0.50786181425363
   0.51212426947543
   0.51650041481974
   0.52100923110545
   0.52565264509626
   0.53040999658081
   0.53523688014328
   0.54006885950804
   0.54482939142312
   0.54944031263932
   0.55383270104422
   0.55795595421021
   0.56178349708124
   0.56531443960203
   0.56857147140652
   0.57159603127404
   0.57444215002912
   0.57717030764817
   0.57984227259730
   0.58251738365751
   0.58525027182889
   0.58808972124547
   0.59107826443402
   0.59425215379514
   0.59764146510255
   0.60127019365847
   0.60515626068738
   0.60931136313941
   0.61374061071694
   0.61844193733166
   0.62340536280840
   0.62861229076438
   0.63403511055855
   0.63963737562791
   0.64537473664830
   0.65119663885357
   0.65704860862609
   0.66287482602275
   0.66862065603812
   0.67423489564965
   0.67967164214146
   0.68489182948820
   0.68986454741483
   0.69456822114179
   0.69899160751824
   0.70313441630643
   0.70700727137518
   0.71063074633842
   0.71403336002727
   0.71724866332697
   0.72031181303594
   0.72325621962908
   0.72611090292288
   0.72889906679041
   0.73163813940287
   0.73434119034696
   0.73701932010049
   0.73968440013071
   0.74235147056454
   0.74504018363690
   0.74777488621607
   0.75058321323274
   0.75349335901001
   0.75653045353708
   0.75971265473954
   0.76304764759434
   0.76653020197854
   0.77014128458359
   0.77384896608363
   0.77761105391549
   0.78137907287950
   0.78510297856919
   0.78873588268595
   0.79223812659270
   0.79558024745761
   0.79874467947933
   0.80172632719206
   0.80453234271323
   0.80718147240187
   0.80970321022524
   0.81213676927880
   0.81452966453975
   0.81693559335505
   0.81941136618874
   0.82201287138536
   0.82479038198037
   0.82778382173007
   0.83101879741078
   0.83450420864056
   0.83823205154558
   0.84217967354333
   0.84631428112004
   0.85059903542040
   0.85499968323839
   0.85949045463694
   0.86405799076747
   0.86870238764462
   0.87343502885092
   0.87827362251586
   0.88323556997868
   0.88833126115507
   0.89355894582714
   0.89890241939149
   0.90433198817497
   0.90980827638879
   0.91528768997802
   0.92072799662028
   0.92609261314619
   0.93135273952619
   0.93648723457070
   0.94148083172085
   0.94632172430386
   0.95099960000803
   0.95550489938757
   0.95982954695915
   0.96396884290501
   0.96792378541456
   0.97170293459742
   0.97532305836632
   0.97880816260922
   0.98218698418176
   0.98548947356136
   0.98874308936952
   0.99196979440043
   0.99518447338925
   0.99839513996390
