   0.01515151515152
   0.04545454545455
   0.07575757575758
   0.10606060606061
   0.13636363636364
   0.16666666666667
   0.19696969696970
   0.22727272727273
   0.25757575757576
   0.3             
   0.31818181818182
   0.34848484848485
   0.37878787878788
   0.40909090909091
   0.43939393939394
   0.46969696969697
   0.50000000000000
   0.53030303030303
   0.56060606060606
   0.59090909090909
   0.62121212121212
   0.65151515151515
   0.68181818181818
   0.71212121212121
   0.74242424242424
   0.77272727272727
   0.80303030303030
   0.83333333333333
   0.86363636363636
   0.89393939393939
   0.92424242424242
   0.95454545454545
   0.98484848484848