   0.00533257839322
   0.01608498344222
   0.02709973596509
   0.03853179283607
   0.05050436982476
   0.06310007025236
   0.07635611310692
   0.09026488605533
   0.10478045246917
   0.11983058718243
   0.13533259249803
   0.15120991562113
   0.16740588556320
   0.18389106990310
   0.20066195296642
   0.21773067315594
   0.23510793561382
   0.25278325778128
   0.27070775286393
   0.28878430616857
   0.30686826904285
   0.32477915270699
   0.34232103208178
   0.35930730118800
   0.37558464816792
   0.39105178383077
   0.40567022665920
   0.41946665013655
   0.43252819416383
   0.44499318465230
   0.45703971140505
   0.46887368758756
   0.48071683033443
   0.49279401715104
   0.50531912332747
   0.51847890405638
   0.53241560547871
   0.54721035446573
   0.56287043524764
   0.57932381321690
   0.59642345296177
   0.61396219634811
   0.63169666907283
   0.64937654147509
   0.66677414496520
   0.68370936103353
   0.70006588612167
   0.71579706670175
   0.73092186950651
   0.74551353802919
   0.75968459900235
   0.77357193496954
   0.78732475527202
   0.80109682143152
   0.81504264541819
   0.82931598720856
   0.84406814982832
   0.85944351115265
   0.87557051338632
   0.89254785034013
   0.91042752869634
   0.92919829994337
   0.94877402775001
   0.96899134281771
   0.98961927015054
  