   0.00974770320508
   0.02947857774245
   0.04991811421787
   0.07147396510900
   0.09445222276871
   0.11903133596447
   0.14524920108007
   0.17300548434261
   0.20207937581615
   0.23216064291095
   0.26288951579632
   0.29389924438407
   0.32485471542448
   0.35548161363257
   0.38558308795818
   0.41504409576776
   0.44382659314718
   0.47196058361386
   0.49953614772460
   0.52669993926063
   0.55365681124131
   0.58067415785941
   0.60808420564101
   0.63627858445105
   0.66569035423006
   0.69676110763423
   0.72989430542003
   0.76539988825039
   0.80343858037667
   0.84397628632539
   0.88675886818688
   0.93131504274873
   0.97699040607298 