   0.00405937859324
   0.01666295269130
   0.01854122459019
   0.02599688340467
   0.03670701751851
   0.04172759007987
   0.08430700866544
   0.08554592060563
   0.09134656762536
   0.09522331461131
   0.10027776020007
   0.10983404144116
   0.11254055536706
   0.12434254769364
   0.12514086439078
   0.12895763748995
   0.13460661782488
   0.13872288622662
   0.14442526612245
   0.14956284816824
   0.15711846752693
   0.17107018898933
   0.18136735977753
   0.19173109218686
   0.19428462500628
   0.19765429601796
   0.20062081232232
   0.21058513430249
   0.21063945487224
   0.22502807447539
   0.22906946405164
   0.24216019338621
   0.24965794021251
   0.26162376852815
   0.27444201427337
   0.28412804969112
   0.28583038971921
   0.28840894500494
   0.30715113586519
   0.31565624527140
   0.31832846628667
   0.33958868353157
   0.34120325905815
   0.34206087884758
   0.34866699896831
   0.35131866824341
   0.35177335905810
   0.35274630983866
   0.35461274097939
   0.36396108340170
   0.36776486976503
   0.36977840209543
   0.36994309519961
   0.37243593839894
   0.38676899612606
   0.39072053312237
   0.40027974975870
   0.40536093275063
   0.43122983478663
   0.43287929811510
   0.45175837803254
   0.46140488259034
   0.46929112736462
   0.47484367124833
   0.48558328596107
   0.51088236544841
   0.51961435749234
   0.52231630612978
   0.52809654845687
   0.53898093063131
   0.54536285147025
   0.56523873682024
   0.56651704951903
   0.56899759448141
   0.56968573919216
   0.59458809588569
   0.60420919110680
   0.61270023154529
   0.62489524239319
   0.63693472440497
   0.64033676815439
   0.64980371125040
   0.65128596175866
   0.65381865831084
   0.65814539381881
   0.66306888470350
   0.67271202884668
   0.68993413057702
   0.70430855401775
   0.71037963213201
   0.72038598770201
   0.72929881976852
   0.73801061166477
   0.74323944305709
   0.74468805948135
   0.74841968279246
   0.74886650832189
   0.75034999019422
   0.76521288556435
   0.76843570539973
   0.77563773694104
   0.78018781759423
   0.81756969290333
   0.82878722359679
   0.83613968242120
   0.84086686591209
   0.85807562747675
   0.87348063913803
   0.88323457241783
   0.88523207602249
   0.88708307823237
   0.88710411105710
   0.88881842888774
   0.90771934628214
   0.91969160877161
   0.91976446677131
   0.92116109599100
   0.92189422160344
   0.92442438151140
   0.92454351909907
   0.92743365942709
   0.93833098423362
   0.95251634805137
   0.95440794296613
   0.95560357243002
   0.97934046960361
   0.98794179406216
   0.99719300038513
   0.99980345224379
