9.868465556608270e-006
    7.510692424141054e-006
    6.814615448111545e-006
    6.511701126094517e-006
    6.428647396082598e-006
    6.411465469938313e-006
    6.410381724995962e-006
    6.410655547734863e-006
    5.374451657037349e-006
    5.193533909804949e-006
    5.158843149605447e-006
    5.149485258374118e-006
    5.147553870518037e-006
    5.147092342913268e-006
    5.147011421193116e-006
    5.147013593140464e-006
    5.035511186699396e-006
    5.021616221419516e-006
    5.020184872121937e-006
    5.019999917347410e-006
    5.019960153040961e-006
    5.019953761023103e-006
    5.019951651425477e-006
    5.019951662824454e-006
    5.010205392323257e-006
    5.009204463802633e-006
    5.009070287914896e-006
    5.009048909035981e-006
    5.009047974198818e-006
    5.009047686096533e-006
    5.009047680002888e-006
    5.009047680221630e-006
    5.007952855901531e-006
    5.007853763901823e-006
    5.007848306956694e-006
    5.007847313122021e-006
    5.007847109539460e-006
    5.007847103530147e-006
    5.007847102716414e-006
    5.007847102715778e-006
    5.007737405103257e-006
    5.007727597752666e-006
    5.007726910413057e-006
    5.007726795558684e-006
    5.007726781277651e-006
    5.007726780432064e-006
    5.007726780411561e-006
    5.007726780411520e-006
    5.007714514445144e-006
    5.007713625542633e-006
    5.007713570100266e-006
    5.007713562863380e-006
    5.007713561561901e-006
    5.007713561526970e-006
    5.007713561523470e-006
    5.007713561523457e-006
    5.007712185964141e-006
    5.007712056573713e-006
    5.007712050590905e-006
    5.007712049788666e-006
    5.007712049699678e-006
    5.007712049695980e-006
    5.007712049694093e-006
    5.007712049694086e-006
    5.007711908021489e-006
    5.007711897892530e-006
    5.007711897373617e-006
    5.007711897268365e-006
    5.007711897252855e-006
    5.007711897252586e-006
    5.007711897252582e-006
    5.007711897252582e-006
    5.007711880091009e-006
    5.007711878617079e-006
    5.007711878518003e-006
    5.007711878495960e-006
    5.007711878493887e-006
    5.007711878493853e-006
    5.007711878493848e-006
    5.007711878493848e-006
    5.007711876705970e-006
    5.007711876555544e-006
    5.007711876547779e-006
    5.007711876546089e-006
    5.007711876545942e-006
    5.007711876545921e-006
    5.007711876545919e-006
    5.007711876545919e-006
    5.007711876335476e-006
    5.007711876318871e-006
    5.007711876318047e-006
    5.007711876317877e-006
    5.007711876317850e-006
    5.007711876317844e-006
    5.007711876317844e-006
    5.007711876317844e-006
    5.007711876294916e-006
    5.007711876292848e-006
    5.007711876292719e-006
    5.007711876292683e-006
    5.007711876292679e-006
    5.007711876292679e-006
    5.007711876292679e-006
    5.007711876292679e-006
    5.007711876290062e-006
    5.007711876289867e-006
    5.007711876289858e-006
    5.007711876289855e-006
    5.007711876289855e-006
    5.007711876289855e-006
    5.007711876289855e-006
    5.007711876289855e-006
    5.007711876289556e-006
    5.007711876289527e-006
    5.007711876289526e-006
    5.007711876289525e-006
    5.007711876289525e-006
    5.007711876289525e-006
    5.007711876289525e-006
    5.007711876289525e-006
    5.007711876289493e-006
    5.007711876289491e-006
    5.007711876289490e-006
    5.007711876289490e-006
    5.007711876289490e-006
    5.007711876289490e-006
    5.007711876289490e-006
    5.007711876289490e-006
    5.007711876289487e-006
    5.007711876289486e-006
    5.007711876289486e-006
    5.007711876289486e-006
    5.007711876289486e-006
    5.007711876289486e-006
    5.007711876289486e-006
    5.007711876289486e-006
    5.007711876289486e-006
    5.007711876289486e-006
    5.007711876289486e-006
    5.007711876289486e-006
    5.007711876289486e-006
    5.007711876289486e-006
    5.007711876289486e-006
    5.007711876289486e-006
    5.007711876289486e-006
    5.007711876289486e-006
    5.007711876289486e-006
    5.007711876289486e-006
    5.007711876289486e-006
    5.007711876289486e-006
    5.007711876289486e-006
    5.007711876289486e-006
    5.007711876289486e-006
    5.007711876289486e-006
    5.007711876289486e-006
    5.007711876289486e-006
    5.007711876289486e-006
    5.007711876289486e-006
    5.007711876289486e-006
    5.007711876289486e-006
    5.007711876289486e-006
    5.007711876289486e-006
    5.007711876289486e-006
    5.007711876289486e-006
    5.007711876289486e-006
    5.007711876289486e-006
    5.007711876289486e-006
    5.007711876289486e-006