  4.0593786e-003
  1.6662953e-002
  1.8541225e-002
  2.5996883e-002
  3.6707018e-002
  4.1727590e-002
  8.4307009e-002
  8.5545921e-002
  9.1346568e-002
  9.5223315e-002
  1.0027776e-001
  1.0983404e-001
  1.1254056e-001
  1.2434255e-001
  1.2514086e-001
  1.2895764e-001
  1.3460662e-001
  1.3872289e-001
  1.4442527e-001
  1.4956285e-001
  1.5711847e-001
  1.7107019e-001
  1.8136736e-001
  1.9173109e-001
  1.9428463e-001
  1.9765430e-001
  2.0062081e-001
  2.1058513e-001
  2.1063945e-001
  2.2502807e-001
  2.2906946e-001
  2.4216019e-001
  2.4965794e-001
  2.6162377e-001
  2.7444201e-001
  2.8412805e-001
  2.8583039e-001
  2.8840895e-001
  3.0715114e-001
  3.1565625e-001
  3.1832847e-001
  3.3958868e-001
  3.4120326e-001
  3.4206088e-001
  3.4866700e-001
  3.5131867e-001
  3.5177336e-001
  3.5274631e-001
  3.5461274e-001
  3.6396108e-001
  3.6776487e-001
  3.6977840e-001
  3.6994310e-001
  3.7243594e-001
  3.8676900e-001
  3.9072053e-001
  4.0027975e-001
  4.0536093e-001
  4.3122983e-001
  4.3287930e-001
  4.5175838e-001
  4.6140488e-001
  4.6929113e-001
  4.7484367e-001
  4.8558329e-001
  5.1088237e-001
  5.1961436e-001
  5.2231631e-001
  5.2809655e-001
  5.3898093e-001
  5.4536285e-001
  5.6523874e-001
  5.6651705e-001
  5.6899759e-001
  5.6968574e-001
  5.9458810e-001
  6.0420919e-001
  6.1270023e-001
  6.2489524e-001
  6.3693472e-001
  6.4033677e-001
  6.4980371e-001
  6.5128596e-001
  6.5381866e-001
  6.5814539e-001
  6.6306888e-001
  6.7271203e-001
  6.8993413e-001
  7.0430855e-001
  7.1037963e-001
  7.2038599e-001
  7.2929882e-001
  7.3801061e-001
  7.4323944e-001
  7.4468806e-001
  7.4841968e-001
  7.4886651e-001
  7.5034999e-001
  7.6521289e-001
  7.6843571e-001
  7.7563774e-001
  7.8018782e-001
  8.1756969e-001
  8.2878722e-001
  8.3613968e-001
  8.4086687e-001
  8.5807563e-001
  8.7348064e-001
  8.8323457e-001
  8.8523208e-001
  8.8708308e-001
  8.8710411e-001
  8.8881843e-001
  9.0771935e-001
  9.1969161e-001
  9.1976447e-001
  9.2116110e-001
  9.2189422e-001
  9.2442438e-001
  9.2454352e-001
  9.2743366e-001
  9.3833098e-001
  9.5251635e-001
  9.5440794e-001
  9.5560357e-001
  9.7934047e-001
  9.8794179e-001
  9.9719300e-001
  9.9980345e-001
