3  0.848184690347267960
9  0.485576322377302530
3  30919.086224281858000000
9  9.872272856451942900
17  1.816021563555823700
3  9.712089958300907700
3  9.712089958300907700
3  9.712089958300907700
3  0.402154690464579690
5  1.311323040951419400
5  1.311323040951419400
9  9.799599327787994700
9  9.799599327787994700
17  1.815760924607810100
17  0.009689595180448679
17  0.040279346199618593
33  0.035044427077700370
33  0.035044427077700370
33  0.885313018976100930
33  0.000000000000000000
17  0.009689595180448679
17  0.009689595180448679
33  0.048405764648014209
9  1.376977988223680100
9  6.114760251818326600
9  2.272714454666152000
9  2.316851912906464400
9  2.495906322027707800
9  8.378076510210910000
9  2.564884535143015800
9  2.654980145907098500
9  23.039716118743769000
9  2.506014473258750800
