------------------------------
N=9 data9.txt 
NGridStep = 4; %number of grid levels in each cycle
Ncycles = 10;  %number of V-cycles
mu1 = 1; %number of pre-relaxations
mu2 = 1; %number of post-relaxations 
mu0 = 1; %number of W-relaxations 
nu = 0; %number of relaxations on coarsest level
coarse = 1; %is exact solve used? 1 if yes
------------------------------
engy =

   0.00138605571019
   0.00124446890782
   0.00115000949878
   0.00114479917325
   0.00114441076698
   0.00114441076698
   0.00114439384113
   0.00112677228000
   0.00104527400992
   0.00102953608989
   0.00102904037639
   0.00102894236286
   0.00102893783272
   0.00102893756856
   0.00102893756856
   0.00102893755402
   0.00102893630010
   0.00102882688075
   0.00102880861703
   0.00102880747796
   0.00102880729487
   0.00102880728457
   0.00102880728400
   0.00102880728400
   0.00102880728397
   0.00102880724174
   0.00102880669078
   0.00102880660311
   0.00102880659386
   0.00102880659187
   0.00102880659180
   0.00102880659179
   0.00102880659179
   0.00102880659179
   0.00102880659136
   0.00102880658532
   0.00102880658443
   0.00102880658438
   0.00102880658438
   0.00102880658438
   0.00102880658438
   0.00102880658438
   0.00102880658438
   0.00102880658438
   0.00102880658436
   0.00102880658436
   0.00102880658436
   0.00102880658436
   0.00102880658436
   0.00102880658436
   0.00102880658436
   0.00102880658436
   0.00102880658436
   0.00102880658436
   0.00102880658436
   0.00102880658436
   0.00102880658436
   0.00102880658436
   0.00102880658436
   0.00102880658436
   0.00102880658436
   0.00102880658436
   0.00102880658436
   0.00102880658436
   0.00102880658436
   0.00102880658436
   0.00102880658436
   0.00102880658436
   0.00102880658436
   0.00102880658436
   0.00102880658436
   0.00102880658436
   0.00102880658436
   0.00102880658436
   0.00102880658436
   0.00102880658436
   0.00102880658436
   0.00102880658436
   0.00102880658436
   0.00102880658436
   0.00102880658436
   0.00102880658436
   0.00102880658436
   0.00102880658436
   0.00102880658436
   0.00102880658436
   0.00102880658436
   0.00102880658436
   0.00102880658436
   0.00102880658436


errAll =

   0.08770760270457
   0.05750998618696
   0.02161742006307
   0.01754917093762
   0.01765706977961
   0.01765706977961
   0.01751336563221
   0.01483407243832
   0.00576330785518
   0.00293485868203
   0.00186887531140
   0.00068286376382
   0.00057261982317
   0.00054890768891
   0.00054890768891
   0.00054485992617
   0.00052369438529
   0.00023051844067
   0.00012564652955
   0.00009685974150
   0.00004815252418
   0.00004413505742
   0.00004216575658
   0.00004216575658
   0.00004202333863
   0.00003700840486
   0.00002057813860
   0.00001561655787
   0.00001003780726
   0.00000540900301
   0.00000489958008
   0.00000480838906
   0.00000480838906
   0.00000478639945
   0.00000397262929
   0.00000177914264
   0.00000092406227
   0.00000044174407
   0.00000022932951
   0.00000021069043
   0.00000020862042
   0.00000020862042
   0.00000020784991
   0.00000017957327
   0.00000006916127
   0.00000001824847
   0.00000000376235
   0.00000000242884
   0.00000000243826
   0.00000000245177
   0.00000000245177
   0.00000000245211
   0.00000000250383
   0.00000000135918
   0.00000000101132
   0.00000000065973
   0.00000000037620
   0.00000000034503
   0.00000000033958
   0.00000000033958
   0.00000000033823
   0.00000000028579
   0.00000000012793
   0.00000000006626
   0.00000000003138
   0.00000000001674
   0.00000000001550
   0.00000000001537
   0.00000000001537
   0.00000000001532
   0.00000000001339
   0.00000000000513
   0.00000000000128
   0.00000000000025
   0.00000000000019
   0.00000000000019
   0.00000000000019
   0.00000000000019
   0.00000000000019
   0.00000000000019
   0.00000000000011
   0.00000000000008
   0.00000000000005
   0.00000000000003
   0.00000000000003
   0.00000000000003
   0.00000000000003
   0.00000000000003
   0.00000000000002
   0.00000000000001


errorV =

   0.00576330785518
   0.00023051844067
   0.00002057813860
   0.00000177914264
   0.00000006916127
   0.00000000135918
   0.00000000012793
   0.00000000000513
   0.00000000000011
   0.00000000000001 <= 1e-14


error0 =

   0.10237659941137


RelaxTotal =

  37.50000000000000


rho = errorV/error0 = 

    1.005329210442761e-013


rho = rho^(1/Ncycles) = 

   0.05014536884766

rho^(1/RelaxTotal) = (1.005329210442761e-013)^(1/37.5) = 

   0.45018900919909

