3  0.000000000000000000
3  0.000000000000000000
3  0.000000000000000000
3  0.000000000000000000
3  0.000000000000000000
3  0.000000000000000000
3  0.000000000000000000
5  0.000000000000000000
5  0.000000000000000000
5  0.000000000000000000
5  0.000000000000000000
5  0.000000000000000000
5  0.000000000000000000
9  0.000000000000000000
9  0.000000000000000000
9  0.000000000000000000
9  0.000000000000000000
9  0.000000000000000000
9  0.000000000000000000
17  0.000000000000000000
17  0.000000000000000000
17  0.000000000000000000
17  0.000000000000000000
17  0.000000000000000000
17  0.000000000000000000
33  0.000000000000000000
33  0.000000000000000000
33  0.000000000000000000
65  0.000000000000000000
65  0.000000000000000000
65  0.000000000000000000
65  0.126180482760278050
129  0.312491866024896150
17  0.099153265990693101
3  0.010466558615956779
3  0.016837884445101259
3  0.016837884445101259
33  0.134060874293616680
33  0.134060874293616680
33  0.128301589158648030
33  0.128301589158648030
65  0.126180482760278050
129  0.312381803345891220
129  0.128200939989147390
257  0.128973636797211080
257  0.302197167837566890
257  0.334093119727870590
513  0.123126240385790370
513  0.294464676350044700
513  0.331946614238455620
1025  0.120729696720020930
1025  0.295217631041591320
3  0.001899492258647457
3  0.018518789902969502
3  0.022857826017285233
5  0.012115446939330496
5  0.030978078875539557
5  0.029681783992654389
9  0.018166049591355402
9  0.056592912696036578
9  0.054800852897745195
17  0.026938087776457686
17  0.099171252949245697
17  0.112686117474420560
33  0.030916153760583084
33  0.113891688104149570
33  0.128533151136059900
65  0.035310770420327410
65  0.132756556288340630
129  0.036075755592732420
129  0.130818497105171070
257  0.034436074045023010
257  0.126179759907036840
513  0.031564306749856108
513  0.116751039967585650
513  0.155050079803969700
1025  0.034439363997943409
1025  0.117773131843817410
3  0.016837884445101259
33  0.093246913437149651
3  0.016837884445101259
3  0.027775523342178705
3  0.038479383874972309
3  0.001899492258647457
3  0.018518789902969502
3  0.022857826017285233
33  0.134976974266772660
33  0.134976974266772660
3  2.221219191113847500
3  2.726765802143721100
3  2.726765802143721100
3  2.726765802143721100
3  1.370193888498908200
3  2.726765802143721100
3  2.726765802143721100
3  2.726765802143721100
3  2.726765802143721100
3  2.726765802143721100
3  2.726765802143721100
3  2.726765802143721100
3  2.726765802143721100
3  2.726765802143721100
3  2.726765802143721100
3  0.800922008036666240
3  0.800922008036666240
3  2.353345462430184400
3  1.208004102385114000
3  2.726765802143721100
3  2.726765802143718000
3  2.726765802143718000
3  0.800922008036660690
3  2.353345462430192800
3  2.353345462430192800
3  2.353345462430192800
3  2.353345462430192800
3  2.353345462430192800
3  2.353345462430192800
3  0.376796110173620750
3  0.010466558615956779
3  0.016837884445101259
17  0.104736838374670100
3  0.016838539697439876
3  0.016838993125025535
3  0.016838539697439876
3  0.016838337957550235
3  Inf
3  0.019947959323006262
3  0.019098151107671150
3  0.019098151107671150
5  0.045512472838338106
5  0.045512472838338106
5  0.045512472838338106
5  0.028526529086036260
5  0.029975697489133181
17  0.233373920094424370
13  0.747292684335303600
