 16               3                      2.42                    0.031400                        0.05446                     0.00031493
  32               5                      6.75                    0.048960                        0.05523                     0.00009948
  64               5                     14.52                    0.068866                        0.05562                     0.00043658
 128               6                     35.91                    0.084211                        0.05581                     0.00019977
 256               7                     93.31                    0.141839                        0.05591                     0.00061482
 512               8                    201.86                    0.167512                        0.05596                     0.00032639
1024              11                    590.45                    0.251803                        0.05598                     0.00029427
2048              15                    1831.08                    0.360313                        0.05599                     0.00054263            


16                108                   2                        8.059682637623626e-001            0                            0                        
32                228                   6.6406                    9.023510933812724e-001           0                            0
64                354                   17.5313                   9.381340330200698e-001           0                             0 
128               846                   73.9375                  9.735522486493101e-001            0                              0
256               1818                  304.3906                 9.876770255536123e-001             0                            0
512               4276                  1370.3125                  9.943310693927181e-001         0                              0
1024              8388                  5256.4844                  9.971370572659127e-001         0                              0
2048              14297                 17771.7969                 9.983045866577825e-001         0                              0




size           cycle_number               time                    convergence factor               energy                        ||g||
  16               5                      3.20                    0.017077                        0.05446                     0.00000177
  32               6                      7.56                    0.048231                        0.05523                     0.00001863
  64               7                     18.13                    0.067320                        0.05562                     0.00002180
 128               8                     44.38                    0.101880                        0.05581                     0.00004069
 256               9                    114.77                    0.132296                        0.05591                     0.00009394
 512              11                    260.11                    0.171556                        0.05596                     0.00003908
1024              14                    719.50                    0.229035                        0.05598                     0.00005031
2048              19                    2098.50                    0.351017                        0.05599                     0.00005232
4096              22                    5743.11                    0.401282                        0.05600                     0.00012712
size           cycle_number               time                    convergence factor               energy                        ||g||
  16               4                      2.86                    0.023034                        0.08748                     0.00001327
  32               5                      6.00                    0.032161                        0.08748                     0.00000580
  64               6                     13.06                    0.071840                        0.08748                     0.00001447
 128               7                     30.16                    0.086767                        0.08748                     0.00001925
 256               6                     52.78                    0.067419                        0.08748                     0.00003493
 512               6                    107.11                    0.084696                        0.08748                     0.00010163
1024               6                    257.14                    0.062066                        0.08748                     0.00007674
2048               7                    543.30                    0.114350                        0.08748                     0.00021171
4096               7                    1188.09                    0.080968                        0.08748                     0.00005862
size           cycle_number               time                    convergence factor               energy                        ||g||
  16               4                      3.11                    0.028934                        0.01751                     0.00001156
  32               6                      8.45                    0.040519                        0.01775                     0.00000588
  64               7                     19.98                    0.073374                        0.01788                     0.00001009
 128               8                     45.86                    0.117806                        0.01794                     0.00002524
 256              10                    135.00                    0.146304                        0.01797                     0.00002115
size           cycle_number               time                    convergence factor               energy                        ||g||
  16               3                      2.56                    0.018030                        0.00021                     0.00000083
  32               6                      9.05                    0.118924                        0.00005                     0.00000033
  64               7                     22.64                    0.186493                        0.00001                     0.00000011
 128              13                    107.89                    0.504878                        0.00000                     0.00000008
 256              30                    590.78                    0.763478                        0.00000                     0.00000005
8192               2                    1000.61                    0.402520                        0.00000                     0.00000002
size           cycle_number               time                    convergence factor               energy                        ||g||
8192              28                    14160.66                    0.508340                        0.05600                     0.00008569
