size           cycle_number               time                    convergence factor               energy                        ||g||
  16              18                      1.08                    0.180394                        0.08333                     0.00000008
  32              20                      4.44                    0.209480                        0.08333                     0.00000023
  64              26                     14.11                    0.289690                        0.08333                     0.00000018
 128              43                     67.31                    0.483941                        0.08333                     0.00000030
 256              69                    256.67                    0.647369                        0.08333                     0.00000039
 512             150                    1120.31                    0.812924                        0.08333                     0.00000043
1024             330                    4831.66                    0.907626                        0.08333                     0.00000078
2048             500                    14568.47                    0.940311                        0.08333                     0.00000178
4096             970                    55370.94                    0.967893                        0.08333                     0.00000319
size           cycle_number               time                    convergence factor               energy                        ||g||
   2               4                      0.16                    0.001672                        0.08333                     0.00000000
   4               7                      0.28                    0.009684                        0.08333                     0.00000001
   8              14                      0.50                    0.094798                        0.08333                     0.00000003
  16              18                      1.48                    0.147983                        0.08333                     0.00000006
  32              11                      2.75                    0.147983                        0.36067                     3.13136678
  64               6                      2.66                    0.147983                        1.93594                     27.57927239
 128               9                      7.86                    0.147983                        4.75839                     70.39877814
size           cycle_number               time                    convergence factor               energy                        ||g||
   2               4                      0.14                    0.001672                        0.08333                     0.00000000
   4               7                      0.16                    0.009684                        0.08333                     0.00000001
   8              14                      0.48                    0.094798                        0.08333                     0.00000003
  16              18                      1.58                    0.147983                        0.08333                     0.00000006
  32              27                      5.80                    0.270907                        0.08333                     0.00000022
  64              53                     24.66                    0.501974                        0.08333                     0.00000041
 128              94                     94.80                    0.668937                        0.08333                     0.00000221
 256              196                    426.125                  0.820921                        0.08333                     0.00000027
size           cycle_number               time                    convergence factor               energy                        ||g||
 512             312                    1429.89                    0.876543                        0.08333                     0.00000268
1024             222                    1201.64                    0.876543                        0.37673                     4.01873091
size           cycle_number               time                    convergence factor               energy                        ||g||
size           cycle_number               time                    convergence factor               energy                        ||g||
size           cycle_number               time                    convergence factor               energy                        ||g||
  32              21                      6.33                    0.236634                        0.08333                     0.00000027
