   0.00558393919754
   0.00986130066092
   0.00987646289879
   0.00992730476335
   0.01175668735312
   0.01286257467300
   0.01423301592330
   0.01466887527935
   0.01486433746352
   0.01500949867662
   0.01527392702904
   0.01575981791975
   0.01635493355000
   0.01736269303774
   0.01850364324822
   0.01963951386482
   0.02718512299667
   0.02874821321149
   0.03533832396916
   0.03812879676737
   0.04389532534714
   0.04663614552316
   0.04904682812968
   0.04916248909609
   0.04927799659601
   0.04949327966369
   0.04975448407125
   0.05026880374687
   0.05344442131849
   0.05758108987829
   0.05789130478427
   0.05886216545559
   0.05918259347107
   0.05950405092050
   0.06312789595215
   0.06478112296327
   0.06531450669048
   0.07116846587156
   0.07205923855201
   0.07369005567481
   0.07838407477005
   0.08107372524286
   0.08388100700103
   0.08407906075044
   0.08774460612399
   0.08896175947532
   0.09219620271967
   0.09284246174092
   0.09541301647653
   0.10158547811275
   0.11216371189116
   0.11333998089856
   0.11461282117064
   0.11706015233300
   0.11974661695181
   0.12104711303641
   0.12192474984543
   0.13094482209901
   0.13098246912365
   0.13377274847343
   0.13651874225971
   0.13700989170762
   0.13889088195695
   0.14004445653473
   0.14715323645638
   0.15087297614976
   0.15360636252349
   0.15561257631705
   0.16030033919718
   0.16144875489995
   0.16603473877722
   0.16615408098480
   0.16627011669737
   0.17079281374168
   0.17219969548301
   0.17295614127524
   0.17390024846178
   0.17502018195037
   0.17626614449462
   0.18590445122522
   0.18786048049776
   0.18965374754717
   0.19007458907973
   0.19088657039756
   0.19111631141994
   0.19343115640522
   0.19389317998467
   0.19872174266149
   0.19878851977784
   0.19881426776106
   0.19913806720574
   0.19983799570814
   0.20087641229516
   0.20264735765039
   0.20276521856027
   0.20713272964136
   0.20906940443842
   0.20927164066244
   0.21198796251532
   0.21255986433874
   0.21396333159617
   0.22190807954053
   0.22594986814445
   0.22803890292790
   0.23113851357429
   0.23189431811233
   0.23235037062753
   0.23429973330715
   0.23441295540825
   0.23788030773557
   0.23931256446899
   0.24403153400252
   0.24595993376677
   0.24732762906933
   0.25120054628268
   0.25232934687399
   0.25356057873233
   0.25476929556228
   0.26176956987179
   0.26181867810571
   0.26321192795729
   0.26421766372715
   0.26444916614927
   0.26794725070937
   0.27130817438170
   0.27144725864180
   0.27218792496996
   0.27308816154697
   0.27310247022514
   0.28163360301246
   0.28440858974994
   0.28593923239720
   0.28614965045488
   0.28819334558908
   0.28879765276887
   0.28972589585624
   0.29048829522795
   0.29198392114244
   0.29740567895926
   0.29872301210221
   0.30253381852375
   0.30276440077661
   0.30461736686939
   0.30499867700349
   0.30620854545699
   0.30768793545853
   0.30929015979096
   0.31268504808015
   0.31421731054403
   0.31428028914194
   0.31929629639523
   0.32003557746650
   0.32895530216404
   0.33395147997176
   0.33519743020639
   0.33575513868621
   0.34004794885569
   0.34119356941488
   0.34175909007041
   0.34197061827022
   0.34611196774117
   0.35270199475312
   0.35286813221700
   0.35325045500069
   0.35571610445704
   0.35665553727760
   0.36031117091978
   0.36507838692867
   0.36537389168912
   0.36629984599466
   0.36756803882634
   0.36775288246828
   0.37041355663212
   0.37047682605190
   0.37160803224266
   0.37217624011920
   0.37489926144760
   0.37505579665969
   0.37557665845575
   0.37588548168314
   0.37837300051267
   0.37948101802800
   0.37981837035079
   0.38396728849430
   0.39190420688900
   0.39323955120646
   0.39390600531965
   0.39412761118584
   0.39718395379261
   0.40007351584052
   0.40180434257302
   0.40570621306210
   0.40907231577105
   0.40927432915451
   0.41027020699095
   0.41156795933261
   0.41195320816864
   0.41221906102004
   0.41362889533818
   0.41537486044322
   0.41864946772751
   0.41985780631022
   0.42222658611939
   0.42245152588754
   0.42349625685105
   0.42488914130869
   0.42525315848265
   0.42889236534100
   0.43016604904690
   0.43187338560697
   0.43290659610673
   0.43444053822029
   0.43865853377091
   0.43979085694638
   0.43992430956534
   0.44182829690634
   0.44328995994463
   0.44348321523343
   0.44416161570397
   0.44470336435319
   0.44488020467291
   0.44509643228795
   0.44530705340682
   0.44964210466930
   0.45068888163272
   0.45075394097939
   0.45105876120527
   0.45142482676248
   0.45161402924606
   0.45435514975555
   0.45509169077270
   0.45646766516834
   0.45735438024750
   0.45859795466496
   0.46076983141348
   0.46080617332599
   0.46109512665670
   0.46352558377640
   0.46477892381786
   0.46599434167542
   0.46676255217035
   0.46922428521100
   0.47334270540113
   0.47404145037448
   0.47819442572535
   0.47838438095666
   0.48496371932457
   0.48598246870930
   0.48934547589850
   0.49024998701604
   0.49064435811553
   0.49655244970310
   0.49830459603553
   0.49831130344848
   0.49840979856343
   0.50281288399625
   0.50301448551218
   0.50605345382527
   0.51131144816890
   0.51340070999628
   0.51551175214076
   0.52075748437407
   0.52206091530257
   0.52211176356216
   0.52259034908071
   0.52515249630517
   0.52982311671607
   0.53407901762660
   0.53685169481751
   0.54141893028953
   0.54167385389809
   0.54657115182911
   0.54851281373460
   0.54878212553859
   0.55267324344363
   0.55340796803039
   0.55484198634168
   0.55793850904665
   0.56022204096293
   0.56204867652389
   0.56245841710735
   0.56573857208571
   0.56670977912371
   0.56677280030311
   0.56782871242883
   0.56807246100778
   0.56918951876743
   0.56920574967175
   0.57105749438466
   0.57514777904747
   0.57980687324960
   0.58279168156123
   0.58691847188467
   0.58735821515589
   0.59152520374645
   0.59356291253968
   0.59466337145257
   0.59554799520203
   0.59617708449162
   0.59624713810572
   0.59717077926034
   0.59734484793384
   0.59791326160512
   0.60198742363800
   0.60286908566699
   0.60379247919382
   0.60684258354179
   0.60719894453953
   0.60838365519774
   0.60854036122399
   0.61011357615926
   0.61094354987249
   0.61239548137302
   0.61543234810009
   0.61662113016546
   0.62062012099286
   0.62080133182114
   0.62102743354959
   0.62113870578822
   0.62131013079541
   0.62520102286732
   0.62623463865051
   0.62731478808400
   0.62878460002407
   0.62988784884231
   0.63145116474444
   0.63178992922176
   0.63426595631548
   0.64000965554655
   0.64052649898984
   0.64081540987002
   0.64349228788535
   0.64491038419384
   0.64583124997499
   0.65010640991247
   0.65521294635567
   0.65553105501201
   0.65964479880694
   0.66022755644160
   0.66144257638232
   0.66405186602462
   0.66485556714021
   0.66493121192534
   0.66612373773870
   0.67000386489368
   0.67213746847429
   0.67275441092501
   0.67394863209536
   0.67564464963341
   0.68020385037051
   0.68084575139723
   0.68127716128214
   0.68222322359138
   0.68311596780460
   0.68333232433848
   0.68732359160410
   0.69266939471779
   0.69318045325608
   0.69456724042555
   0.69789848185986
   0.69908013774534
   0.69921332774126
   0.70063540514612
   0.70085723323733
   0.70149260086258
   0.70185317357048
   0.70273991324038
   0.70356765500360
   0.70368366740575
   0.70847140486544
   0.70947139270339
   0.71335444351185
   0.71588294817297
   0.71654239725005
   0.71763442146570
   0.71812397228037
   0.72197984634097
   0.72406170870986
   0.72663176664190
   0.72711321692968
   0.72750912921793
   0.73127726446634
   0.73265064912939
   0.73336280189143
   0.73490821176595
   0.73730598846526
   0.73820724581067
   0.73999304537847
   0.74456578310616
   0.74678567656443
   0.75051823194427
   0.75363453438567
   0.75366962581359
   0.75455137523865
   0.75533857179174
   0.75947938787996
   0.76036500980434
   0.76209683302739
   0.76655153443549
   0.76795039001114
   0.76943640015518
   0.76991847758366
   0.77640121193349
   0.78332864986771
   0.78385902280489
   0.78886169223375
   0.79112319571067
   0.79193703742704
   0.79387177473232
   0.79421065137261
   0.79482108020093
   0.80302634023193
   0.80451680863960
   0.80487174411571
   0.80663774928874
   0.81211781885968
   0.81316649730376
   0.81495206793323
   0.81593476896684
   0.81620570916196
   0.81673121343671
   0.81797434083925
   0.81875582651428
   0.81939293234217
   0.82140716429525
   0.82162916073534
   0.82200758848706
   0.82300831429067
   0.82338720365027
   0.82886447626092
   0.82947425087386
   0.83179601760961
   0.83315145945264
   0.83758509883186
   0.83811844505239
   0.83849604493808
   0.83863970465897
   0.83923824033620
   0.84386949887436
   0.84472150190817
   0.84622141782432
   0.84767646817946
   0.85112240092386
   0.85184469733234
   0.85365513066277
   0.85597570728075
   0.85796351308408
   0.86001160488682
   0.86560347774475
   0.86779569791162
   0.86986735040701
   0.86993292986807
   0.87038102590598
   0.87285525701963
   0.87345080554039
   0.87436717158763
   0.87574189981807
   0.88014220741133
   0.88883261029978
   0.89032172376943
   0.89129896614890
   0.89284160814575
   0.89364953091353
   0.89389796644525
   0.89481276347671
   0.89825174061313
   0.89976917516961
   0.90160982476524
   0.90281883426913
   0.90481233416636
   0.90839754344852
   0.90898934903532
   0.91594245989412
   0.91690443991341
   0.91995720669587
   0.92181297074480
   0.93158335257969
   0.93181457846166
   0.93273619135769
   0.93289705665171
   0.93309841844843
   0.93338010818959
   0.93423651891762
   0.93546969910761
   0.94081954229382
   0.94232656949594
   0.94546278791039
   0.94915039449044
   0.94975928462912
   0.95012928514718
   0.95168928079750
   0.95612240635488
   0.95660138173987
   0.95684344844488
   0.95799111990520
   0.96009860036901
   0.96136999885631
   0.96163640714857
   0.96228825871716
   0.96688742090893
   0.96882014323575
   0.97084493925562
   0.97709235484151
   0.97974689678884
   0.98270880190626
   0.98298778204643
   0.98548350985117
   0.98615780656198
   0.98833493827763
   0.99008259261306
   0.99429549051392
   0.99944730494940
   0.99953167426625