   0.01207671428047
   0.01262539742245
   0.01691399982633
   0.02270460754978
   0.04175513465747
   0.05703678009935
   0.05902064131260
   0.06669565143699
   0.09259209785082
   0.10387789184762
   0.14716067198824
   0.16295369631462
   0.17700126239241
   0.17896254758774
   0.20403324342685
   0.21086166250815
   0.23244584105081
   0.24089778117171
   0.24783016429883
   0.25732856758278
   0.27861019876971
   0.36248282567564
   0.38130816449674
   0.38403435382449
   0.38987361268762
   0.39474700201260
   0.42120246249003
   0.43643036101216
   0.44177307002173
   0.44481800369700
   0.46185021317040
   0.47179381587084
   0.47350250654047
   0.49109991053992
   0.50436932383905
   0.50556190013632
   0.51621876396864
   0.51654994411147
   0.54485203272358
   0.54686137853238
   0.56965372686633
   0.61119479517512
   0.65409160546717
   0.66819345076450
   0.68142675540220
   0.71188974341232
   0.71731902426567
   0.71781475912875
   0.73948056850456
   0.74936012732441
   0.75019030483678
   0.78044812123489
   0.78483978943906
   0.80252049406774
   0.81934587002434
   0.81990202639609
   0.82225683588479
   0.85217141052439
   0.87495979666500
   0.89254657560529
   0.89841733058257
   0.90340929275847
   0.90503483438941
   0.91525696462622
   0.99503873709367