   0.00847798126261
   0.01182391433648
   0.01367000405411
   0.01414018467968
   0.01427746664272
   0.02576821194934
   0.04529470757144
   0.05107009298441
   0.06165527349926
   0.06729866994152
   0.06748961390106
   0.07020626864535
   0.07928684126043
   0.08259414423140
   0.08558343427441
   0.09737159261854
   0.09768501284431
   0.09797869705730
   0.10518409060013
   0.10748623439673
   0.11041822291868
   0.11160366383195
   0.11749122034516
   0.11959992942825
   0.12094426443720
   0.12423585659914
   0.12655415628050
   0.12967183212877
   0.13024278698396
   0.14132012234759
   0.14487315561426
   0.14696947019797
   0.14912876741418
   0.15412960191454
   0.15560683532052
   0.15915736458690
   0.15925383035267
   0.16041924725288
   0.16240506834848
   0.16252830012920
   0.16982059850083
   0.17426963218085
   0.18265480635230
   0.18329858002982
   0.18479277166592
   0.18561724118706
   0.19027218150199
   0.19034044826990
   0.19291155842249
   0.19898407104361
   0.19917533047848
   0.20330989987232
   0.21378192342872
   0.21518244103014
   0.21776015902748
   0.22675099017022
   0.22943575701474
   0.23055128809391
   0.23584430240831
   0.24378459481770
   0.24512580930893
   0.25401214557338
   0.25833958343182
   0.26653789722736
   0.27696184477717
   0.27810806644760
   0.28685813904772
   0.28996555089651
   0.29384722175168
   0.29420023373641
   0.29459501517129
   0.29833967836680
   0.31190091710707
   0.31663258493621
   0.31928552301029
   0.32308938545662
   0.32463784404432
   0.32592124654709
   0.32701470519365
   0.32871638250897
   0.32953042878930
   0.32998917108412
   0.33075225882607
   0.33241155647796
   0.34095734975620
   0.34480581344600
   0.35037197500013
   0.35092057654239
   0.35217257019325
   0.35278356600427
   0.35296806930712
   0.35543656643286
   0.35850264508892
   0.36740768429356
   0.37102574003520
   0.37149258761312
   0.37227679139152
   0.37399364719051
   0.37841117362445
   0.38184820466677
   0.39746676013198
   0.39791706223169
   0.40134970303161
   0.40987652389794
   0.41103877762773
   0.41137312988748
   0.41245937629452
   0.41254295522853
   0.41436129858535
   0.42481309956999
   0.42499409083398
   0.42978130956931
   0.43015586433808
   0.43142718695231
   0.45106165766997
   0.45284784166531
   0.45353883931016
   0.45733065818493
   0.46123878875604
   0.46287194163678
   0.46515427447061
   0.46657873258594
   0.46712656056043
   0.46976317622330
   0.47039098110394
   0.48288764013872
   0.48537754410590
   0.49462544247056
   0.50342649458867
   0.50506891074295
   0.50585895975302
   0.50650638610513
   0.50698813506899
   0.51413468416141
   0.51680507143576
   0.51859792502843
   0.52115907366447
   0.52778595170974
   0.53560101820787
   0.55557212691119
   0.56343123059841
   0.56353794301041
   0.56624937623410
   0.56675164439279
   0.56702177733949
   0.56936428561521
   0.57334568529736
   0.57665652533405
   0.57751999477765
   0.57863265575566
   0.58190954247061
   0.58324935525286
   0.58578167270280
   0.58991528893866
   0.59042340899304
   0.59375150036725
   0.59514623673744
   0.60184148552489
   0.60449223591852
   0.61372713500451
   0.61646945247842
   0.62022475330531
   0.62195637936155
   0.62263983420899
   0.64128453178156
   0.64721765307650
   0.65084797643870
   0.65568292901583
   0.66581038693995
   0.67255693222063
   0.67456418089548
   0.68428380330527
   0.68946368276593
   0.69058824610600
   0.69652690762849
   0.70704442368678
   0.70982655122449
   0.71246149083010
   0.71362178290395
   0.71503936533083
   0.71987923924297
   0.72110967497033
   0.72143454264599
   0.72517819145089
   0.72698433125275
   0.73083369008329
   0.73862195566827
   0.73890148529057
   0.74088332694125
   0.74121881241258
   0.74366950404669
   0.74976744736582
   0.75037743438397
   0.75211655633898
   0.75250403087222
   0.75434173284814
   0.75675765513238
   0.76473602842005
   0.77079319577916
   0.77113993814621
   0.77506559672765
   0.77702874240126
   0.79312068978341
   0.79579824435706
   0.79651933779250
   0.79663317680534
   0.80228934757371
   0.80354203997901
   0.80464653751992
   0.81008861184028
   0.81082925878668
   0.81600399920445
   0.81601586831820
   0.81742229184380
   0.81850302271072
   0.81913890073053
   0.81951092340985
   0.81963487529834
   0.82178375497951
   0.83144352241846
   0.83807258988002
   0.84060210391303
   0.84067129502457
   0.84392612429307
   0.86094872152459
   0.86236953199313
   0.86901101964774
   0.87093569445909
   0.87279177740672
   0.87552983504238
   0.87867370432120
   0.87993326145512
   0.88527521179128
   0.88724711209265
   0.90872778009356
   0.92031490194478
   0.92095827787857
   0.92312431154339
   0.92468679119412
   0.93536141616859
   0.93556325255983
   0.93843064002482
   0.95256176963558
   0.95363679114961
   0.95402440588149
   0.95830096857349
   0.97118483989055
   0.97599592375672
   0.97663070301598
   0.97814297150550
   0.97877057671369
   0.97994773053012
   0.98547920663883
   0.98747149026380
   0.99133777577353
   0.99273613306006
   0.99636310253339