  it     nf     cg           f             |g|
   0      1      0    4.91298588e-001   2.1e+001
   1      2      2    1.92528931e-001   1.1e+001
   2      3      6    1.40558124e-001   4.5e+000
   3      4     12    1.23183247e-001   2.1e+000
   4      5     32    1.10627656e-001   2.3e+000
   5      6     57    1.03566189e-001   3.0e+000
   6      7     82    9.75583109e-002   2.4e+000
   7      8    107    9.24380287e-002   1.2e+000
   8     11    111    9.20460568e-002   5.8e-001
   9     13    114    9.17745842e-002   5.5e-001
  10     15    116    9.17061699e-002   5.9e-001
  11     16    140    8.87805997e-002   6.1e-001
  12     17    165    8.78155542e-002   3.6e-001
  13     18    190    8.73028994e-002   4.1e-001
  14     19    215    8.69761654e-002   2.5e-001
  15     20    240    8.67114965e-002   2.7e-001
  16     21    265    8.64375585e-002   1.4e-001
  17     22    290    8.61920567e-002   1.7e-001
  18     23    315    8.59371799e-002   2.5e-001
  19     24    340    8.57147068e-002   2.2e-001
  20     25    365    8.55483280e-002   1.6e-001
  21     26    390    8.54169584e-002   1.2e-001
  22     27    415    8.53028980e-002   1.1e-001
  23     28    436    8.51245980e-002   1.3e-001
  24     29    461    8.49974722e-002   1.1e-001
  25     30    486    8.49001323e-002   8.9e-002
  26     31    511    8.48031106e-002   8.0e-002
  27     32    536    8.47308241e-002   7.4e-002
  28     33    561    8.46670819e-002   7.7e-002
  29     34    586    8.46128290e-002   1.0e-001
  30     35    611    8.45645681e-002   6.4e-002
  31     36    636    8.45139107e-002   8.3e-002
  32     37    661    8.44602914e-002   7.3e-002
  33     38    686    8.44054705e-002   7.1e-002
  34     39    711    8.43554008e-002   5.8e-002
  35     40    736    8.43142815e-002   6.4e-002
  36     41    761    8.42792161e-002   4.8e-002
  37     42    786    8.42473621e-002   5.1e-002
  38     43    811    8.42158258e-002   4.9e-002
  39     44    836    8.41808910e-002   5.1e-002
  40     45    861    8.41463907e-002   4.5e-002
  41     46    886    8.41140072e-002   4.3e-002
  42     47    911    8.40838805e-002   4.6e-002
  43     48    934    8.40193129e-002   4.0e-002
  44     49    959    8.39957769e-002   5.0e-002
  45     50    982    8.39663124e-002   5.3e-002
  46     51   1007    8.39462358e-002   2.8e-002
  47     52   1032    8.39294600e-002   2.8e-002
  48     53   1057    8.39124865e-002   2.3e-002
  49     54   1082    8.38972869e-002   3.1e-002
  50     55   1107    8.38818194e-002   3.1e-002
  51     56   1132    8.38644040e-002   2.6e-002
  52     57   1157    8.38445586e-002   3.3e-002
  53     58   1182    8.38239930e-002   2.4e-002
  54     59   1207    8.38019910e-002   2.5e-002
  55     60   1232    8.37816096e-002   3.0e-002
  56     61   1257    8.37629539e-002   2.1e-002
  57     62   1282    8.37459088e-002   3.0e-002
  58     63   1307    8.37282760e-002   2.3e-002
  59     64   1332    8.37117813e-002   2.6e-002
  60     65   1357    8.36959809e-002   2.6e-002
  61     66   1382    8.36808497e-002   2.3e-002
  62     67   1407    8.36666474e-002   2.7e-002
  63     68   1432    8.36525243e-002   2.2e-002
  64     69   1457    8.36373233e-002   2.1e-002
  65     70   1482    8.36218701e-002   1.9e-002
  66     71   1507    8.36067324e-002   2.6e-002
  67     72   1532    8.35918571e-002   1.7e-002
  68     73   1557    8.35751236e-002   3.2e-002
  69     74   1581    8.35591152e-002   1.8e-002
  70     75   1606    8.35433596e-002   3.0e-002
  71     76   1629    8.35298771e-002   1.4e-002
  72     77   1654    8.35174969e-002   2.4e-002
  73     78   1677    8.34918302e-002   1.3e-002
  74     79   1702    8.34858812e-002   2.9e-002
  75     80   1723    8.34790390e-002   1.2e-002
  76     81   1748    8.34725970e-002   1.9e-002
  77     82   1773    8.34678184e-002   2.5e-002
  78     83   1791    8.34646656e-002   1.0e-002
  79     84   1808    8.34622890e-002   1.2e-002
  80     85   1833    8.34594612e-002   1.1e-002
  81     86   1857    8.34570910e-002   6.9e-003
  82     87   1882    8.34547586e-002   8.2e-003
  83     88   1907    8.34527079e-002   8.3e-003
  84     89   1932    8.34505827e-002   7.1e-003
  85     90   1957    8.34484632e-002   9.3e-003
  86     91   1982    8.34464849e-002   6.9e-003
  87     92   2007    8.34443563e-002   1.0e-002
  88     93   2029    8.34376200e-002   8.8e-003
  89     94   2054    8.34339584e-002   7.9e-003
  90     95   2079    8.34312864e-002   8.1e-003
  91     96   2104    8.34287202e-002   7.7e-003
  92     97   2129    8.34266532e-002   9.2e-003
  93     98   2154    8.34248199e-002   6.9e-003
  94     99   2179    8.34228412e-002   8.1e-003
  95    100   2204    8.34210498e-002   8.4e-003
  96    101   2229    8.34193773e-002   7.9e-003
  97    102   2254    8.34177098e-002   7.2e-003
  98    103   2279    8.34161966e-002   9.0e-003
  99    104   2304    8.34147534e-002   8.0e-003
 100    105   2329    8.34132989e-002   1.0e-002
 101    106   2354    8.34115917e-002   1.0e-002
 102    107   2379    8.34095249e-002   8.3e-003
 103    108   2404    8.34073051e-002   1.2e-002
 104    109   2429    8.34049776e-002   1.1e-002
 105    110   2454    8.34026895e-002   1.9e-002
 106    111   2479    8.34005281e-002   1.3e-002
 107    112   2504    8.33985052e-002   1.9e-002
 108    113   2529    8.33964792e-002   1.1e-002
 109    114   2554    8.33944807e-002   1.3e-002
 110    115   2579    8.33925502e-002   6.4e-003
 111    116   2604    8.33906511e-002   7.7e-003
 112    117   2629    8.33888648e-002   8.2e-003
 113    118   2654    8.33871258e-002   6.2e-003
 114    119   2679    8.33854689e-002   1.2e-002
 115    120   2704    8.33838551e-002   7.9e-003
 116    121   2729    8.33822440e-002   1.3e-002
 117    122   2754    8.33807174e-002   7.4e-003
 118    123   2779    8.33792262e-002   1.1e-002
 119    124   2802    8.33734990e-002   4.3e-003
 120    125   2827    8.33720472e-002   9.5e-003
 121    126   2848    8.33706423e-002   2.9e-003
 122    127   2873    8.33693948e-002   9.2e-003
 123    128   2898    8.33686979e-002   4.3e-003
 124    129   2923    8.33681845e-002   2.5e-003
 125    130   2948    8.33677940e-002   3.3e-003
 126    131   2969    8.33674940e-002   2.2e-003
 127    132   2994    8.33671566e-002   2.9e-003
 128    133   2999    8.33670698e-002   3.1e-003
 129    134   3017    8.33667646e-002   3.3e-003
 130    135   3042    8.33663635e-002   2.7e-003
 131    136   3066    8.33660123e-002   1.8e-003
 132    137   3091    8.33656694e-002   4.2e-003
 133    138   3113    8.33653743e-002   2.2e-003
 134    139   3138    8.33650775e-002   3.3e-003
 135    140   3161    8.33648259e-002   1.8e-003
 136    141   3186    8.33645602e-002   3.3e-003
 137    142   3211    8.33643319e-002   2.9e-003
 138    143   3236    8.33640523e-002   3.4e-003
 139    144   3261    8.33637061e-002   4.4e-003
 140    145   3286    8.33633271e-002   4.3e-003
 141    146   3311    8.33628979e-002   3.5e-003
 142    147   3336    8.33624905e-002   5.7e-003
 143    148   3360    8.33620573e-002   2.7e-003
 144    149   3385    8.33616006e-002   6.6e-003
 145    150   3409    8.33611664e-002   2.6e-003
 146    151   3434    8.33606852e-002   7.1e-003
 147    152   3440    8.33605126e-002   6.0e-003
 148    153   3459    8.33602310e-002   3.6e-003
 149    154   3479    8.33590872e-002   3.6e-003
 150    155   3504    8.33587252e-002   6.3e-003
 151    156   3527    8.33584388e-002   1.8e-003
 152    157   3552    8.33581995e-002   2.5e-003
 153    158   3577    8.33580131e-002   2.8e-003
 154    159   3602    8.33578396e-002   2.3e-003
 155    160   3627    8.33576605e-002   2.5e-003
 156    161   3652    8.33575164e-002   1.9e-003
 157    162   3677    8.33573626e-002   2.6e-003
 158    163   3702    8.33571953e-002   2.9e-003
 159    164   3727    8.33570156e-002   3.7e-003
 160    165   3752    8.33568328e-002   3.5e-003
 161    166   3777    8.33566540e-002   3.7e-003
 162    167   3802    8.33564783e-002   3.1e-003
 163    168   3827    8.33563120e-002   3.1e-003
 164    169   3852    8.33561542e-002   2.2e-003
 165    170   3877    8.33560071e-002   2.9e-003
 166    171   3902    8.33558710e-002   1.6e-003
 167    172   3927    8.33557412e-002   2.9e-003
 168    173   3952    8.33556173e-002   1.7e-003
 169    174   3977    8.33554892e-002   3.0e-003
 170    175   4002    8.33553676e-002   1.9e-003
 171    176   4027    8.33552526e-002   2.2e-003
 172    177   4049    8.33548453e-002   1.9e-003
 173    178   4074    8.33547128e-002   2.8e-003
 174    179   4094    8.33545249e-002   1.8e-003
 175    180   4119    8.33543346e-002   3.3e-003
 176    181   4144    8.33541877e-002   2.5e-003
 177    182   4168    8.33540669e-002   1.7e-003
 178    183   4193    8.33539323e-002   3.0e-003
 179    184   4218    8.33537978e-002   3.0e-003
 180    185   4243    8.33536784e-002   2.5e-003
 181    186   4268    8.33535704e-002   3.2e-003
 182    187   4290    8.33534689e-002   2.0e-003
 183    188   4315    8.33533715e-002   1.8e-003
 184    189   4339    8.33533060e-002   2.0e-003
 185    190   4364    8.33532453e-002   1.3e-003
 186    191   4389    8.33531915e-002   2.3e-003
 187    192   4414    8.33531311e-002   1.3e-003
 188    193   4438    8.33529391e-002   5.8e-004
 189    194   4463    8.33528305e-002   1.4e-003
 190    195   4488    8.33527576e-002   9.3e-004
 191    196   4513    8.33526811e-002   9.9e-004
 192    197   4538    8.33526244e-002   1.6e-003
 193    198   4563    8.33525482e-002   9.4e-004
 194    199   4588    8.33524698e-002   1.6e-003
 195    200   4613    8.33523846e-002   1.1e-003
 196    201   4638    8.33522969e-002   1.9e-003
 197    202   4663    8.33522184e-002   1.1e-003
 198    203   4688    8.33521378e-002   1.1e-003
 199    204   4713    8.33520625e-002   1.2e-003
 200    205   4738    8.33519927e-002   1.2e-003
 201    206   4763    8.33519260e-002   1.4e-003
 202    207   4788    8.33518613e-002   1.1e-003
 203    208   4813    8.33517945e-002   1.3e-003
 204    209   4838    8.33517224e-002   1.4e-003
 205    210   4863    8.33516471e-002   1.1e-003
 206    211   4888    8.33515673e-002   2.1e-003
 207    212   4913    8.33514861e-002   1.1e-003
 208    213   4938    8.33513997e-002   2.1e-003
 209    214   4963    8.33513074e-002   1.2e-003
 210    215   4988    8.33512038e-002   2.6e-003
 211    216   5013    8.33510914e-002   1.5e-003
 212    217   5038    8.33509739e-002   2.7e-003
 213    218   5063    8.33508479e-002   1.6e-003
 214    219   5088    8.33507115e-002   2.6e-003
 215    220   5113    8.33505629e-002   1.8e-003
 216    221   5138    8.33504127e-002   2.2e-003
 217    222   5163    8.33502679e-002   1.8e-003
 218    223   5188    8.33501290e-002   1.8e-003
 219    224   5213    8.33499930e-002   1.6e-003
 220    225   5238    8.33498558e-002   1.8e-003
 221    226   5263    8.33497171e-002   1.7e-003
 222    227   5288    8.33495793e-002   1.7e-003
 223    228   5313    8.33494411e-002   1.8e-003
 224    229   5338    8.33493116e-002   1.6e-003
 225    230   5363    8.33491889e-002   2.0e-003
 226    231   5388    8.33490754e-002   1.6e-003
 227    232   5413    8.33489693e-002   2.3e-003
 228    233   5438    8.33488703e-002   1.6e-003
 229    234   5463    8.33487782e-002   2.5e-003
 230    235   5487    8.33482796e-002   1.0e-003
 231    236   5512    8.33481765e-002   3.1e-003
 232    237   5532    8.33480338e-002   9.2e-004
 233    238   5557    8.33479556e-002   3.2e-003
 234    239   5574    8.33478759e-002   1.4e-003
 235    240   5599    8.33478167e-002   1.5e-003
 236    241   5624    8.33477553e-002   1.5e-003
 237    242   5649    8.33477076e-002   1.2e-003
 238    243   5674    8.33476737e-002   1.4e-003
 239    244   5699    8.33476472e-002   8.0e-004
 240    245   5724    8.33476231e-002   1.4e-003
 241    246   5747    8.33475723e-002   8.8e-004
 242    247   5769    8.33475415e-002   1.3e-003
 243    248   5790    8.33475232e-002   1.2e-003
 244    249   5815    8.33475051e-002   8.3e-004
 245    250   5840    8.33474882e-002   1.1e-003
 246    251   5865    8.33474750e-002   5.3e-004
 247    252   5890    8.33474595e-002   1.1e-003
 248    253   5915    8.33474406e-002   6.7e-004
 249    254   5940    8.33474200e-002   1.5e-003
 250    255   5965    8.33473967e-002   8.2e-004
 251    256   5990    8.33473674e-002   1.7e-003
 252    257   6015    8.33473381e-002   9.1e-004
 253    258   6040    8.33473066e-002   1.4e-003
 254    259   6065    8.33472697e-002   9.6e-004
 255    260   6090    8.33472272e-002   1.6e-003
 256    261   6115    8.33471803e-002   9.1e-004
 257    262   6140    8.33471308e-002   1.7e-003
 258    263   6165    8.33470777e-002   9.5e-004
 259    264   6190    8.33470216e-002   1.8e-003
 260    265   6215    8.33469612e-002   9.9e-004
 261    266   6240    8.33468993e-002   2.1e-003
 262    267   6265    8.33468348e-002   1.1e-003
 263    268   6290    8.33467597e-002   2.3e-003
 264    269   6315    8.33466702e-002   1.3e-003
 265    270   6340    8.33465616e-002   2.3e-003
 266    271   6365    8.33464343e-002   1.6e-003
 267    272   6390    8.33462911e-002   2.2e-003
 268    273   6415    8.33461382e-002   1.8e-003
 269    274   6439    8.33459864e-002   2.0e-003
 270    275   6464    8.33458051e-002   2.7e-003
 271    276   6468    8.33457458e-002   2.5e-003
 272    277   6489    8.33456123e-002   1.2e-003
 273    278   6514    8.33454064e-002   2.0e-003
 274    279   6531    8.33452540e-002   8.7e-004
 275    280   6556    8.33450605e-002   4.5e-003
 276    281   6569    8.33448607e-002   1.6e-003
 277    282   6594    8.33446701e-002   6.2e-003
 278    283   6611    8.33444520e-002   2.0e-003
 279    284   6636    8.33442987e-002   3.1e-003
 280    285   6661    8.33441008e-002   2.3e-003
 281    286   6683    8.33439613e-002   3.0e-003
 282    287   6708    8.33438374e-002   1.6e-003
 283    288   6733    8.33437131e-002   2.9e-003
 284    289   6758    8.33435886e-002   1.8e-003
 285    290   6783    8.33434820e-002   4.2e-003
 286    291   6808    8.33433716e-002   1.9e-003
 287    292   6833    8.33432515e-002   4.9e-003
 288    293   6858    8.33431467e-002   2.0e-003
 289    294   6883    8.33430451e-002   4.0e-003
 290    295   6906    8.33425687e-002   3.8e-003
 291    296   6931    8.33423622e-002   2.6e-003
 292    297   6956    8.33422855e-002   3.2e-003
 293    298   6981    8.33421935e-002   1.4e-003
 294    299   7004    8.33421300e-002   1.9e-003
 295    300   7029    8.33420848e-002   9.3e-004
 296    301   7053    8.33420470e-002   1.3e-003
 297    302   7078    8.33420126e-002   1.2e-003
 298    303   7084    8.33420020e-002   1.9e-003
 299    304   7103    8.33419812e-002   1.2e-003
 300    305   7122    8.33419404e-002   6.6e-004
 301    306   7147    8.33418888e-002   9.1e-004
 302    307   7172    8.33418332e-002   5.2e-004
 303    308   7197    8.33418001e-002   6.6e-004
 304    309   7220    8.33417671e-002   5.1e-004
 305    310   7245    8.33417321e-002   7.3e-004
 306    311   7269    8.33416952e-002   5.0e-004
 307    312   7294    8.33416634e-002   6.1e-004
 308    313   7319    8.33416331e-002   5.3e-004
 309    314   7344    8.33415939e-002   9.9e-004
 310    315   7369    8.33415423e-002   7.1e-004
 311    316   7394    8.33414800e-002   1.2e-003
 312    317   7419    8.33414053e-002   9.4e-004
 313    318   7444    8.33413233e-002   1.2e-003
 314    319   7469    8.33412416e-002   1.0e-003
 315    320   7494    8.33411708e-002   1.1e-003
 316    321   7519    8.33411037e-002   1.2e-003
 317    322   7544    8.33410348e-002   8.5e-004
 318    323   7569    8.33409611e-002   1.5e-003
 319    324   7594    8.33408841e-002   1.4e-003
 320    325   7619    8.33408048e-002   1.8e-003
 321    326   7644    8.33407249e-002   9.9e-004
 322    327   7669    8.33406421e-002   1.7e-003
 323    328   7694    8.33405580e-002   1.3e-003
 324    329   7719    8.33404732e-002   1.4e-003
 325    330   7744    8.33403911e-002   1.2e-003
 326    331   7769    8.33403186e-002   1.2e-003
 327    332   7794    8.33402587e-002   7.8e-004
 328    333   7819    8.33402100e-002   9.7e-004
 329    334   7844    8.33401685e-002   6.1e-004
 330    335   7869    8.33401307e-002   9.5e-004
 331    336   7892    8.33399310e-002   7.2e-004
 332    337   7917    8.33398927e-002   1.3e-003
 333    338   7937    8.33398517e-002   4.9e-004
 334    339   7962    8.33398189e-002   6.9e-004
 335    340   7974    8.33398078e-002   2.6e-004
 336    341   7995    8.33397935e-002   4.2e-004
 337    342   8020    8.33397821e-002   5.8e-004
 338    343   8045    8.33397708e-002   3.0e-004
 339    344   8070    8.33397631e-002   4.6e-004
 340    345   8095    8.33397532e-002   3.3e-004
 341    346   8120    8.33397335e-002   5.6e-004
 342    347   8145    8.33397148e-002   6.7e-004
 343    348   8170    8.33396985e-002   7.3e-004
 344    349   8195    8.33396834e-002   4.9e-004
 345    350   8220    8.33396678e-002   5.7e-004
 346    351   8245    8.33396523e-002   5.4e-004
 347    352   8270    8.33396310e-002   5.0e-004
 348    353   8295    8.33396025e-002   6.2e-004
 349    354   8320    8.33395721e-002   9.2e-004
 350    355   8345    8.33395397e-002   6.9e-004
 351    356   8370    8.33395052e-002   9.0e-004
 352    357   8395    8.33394698e-002   6.3e-004
 353    358   8420    8.33394338e-002   7.8e-004
 354    359   8445    8.33393967e-002   7.3e-004
 355    360   8470    8.33393572e-002   8.8e-004
 356    361   8495    8.33393166e-002   1.0e-003
 357    362   8520    8.33392762e-002   1.1e-003
 358    363   8545    8.33392360e-002   1.3e-003
 359    364   8570    8.33391941e-002   1.3e-003
 360    365   8595    8.33391495e-002   1.4e-003
 361    366   8620    8.33391025e-002   1.3e-003
 362    367   8645    8.33390534e-002   1.2e-003
 363    368   8670    8.33390038e-002   1.1e-003
 364    369   8695    8.33389548e-002   9.0e-004
 365    370   8720    8.33389056e-002   1.2e-003
 366    371   8745    8.33388566e-002   1.0e-003
 367    372   8770    8.33388085e-002   1.6e-003
 368    373   8795    8.33387633e-002   1.1e-003
 369    374   8820    8.33387204e-002   1.5e-003
 370    375   8845    8.33386785e-002   1.1e-003
 371    376   8870    8.33386342e-002   1.4e-003
 372    377   8895    8.33385864e-002   9.8e-004
 373    378   8920    8.33385348e-002   1.1e-003
 374    379   8945    8.33384810e-002   7.9e-004
 375    380   8970    8.33384254e-002   1.1e-003
 376    381   8995    8.33383658e-002   1.0e-003
 377    382   9020    8.33382992e-002   1.3e-003
 378    383   9045    8.33382229e-002   1.3e-003
 379    384   9070    8.33381386e-002   1.4e-003
 380    385   9095    8.33380485e-002   1.2e-003
 381    386   9120    8.33379484e-002   1.4e-003
 382    387   9145    8.33378347e-002   1.8e-003
 383    388   9170    8.33377030e-002   1.6e-003
 384    389   9195    8.33375536e-002   1.4e-003
 385    390   9220    8.33373906e-002   1.7e-003
 386    391   9245    8.33372209e-002   1.5e-003
 387    392   9270    8.33370560e-002   1.7e-003
 388    393   9295    8.33368981e-002   1.4e-003
 389    394   9320    8.33367486e-002   1.6e-003
 390    395   9345    8.33366005e-002   1.4e-003
 391    396   9370    8.33364465e-002   1.5e-003
 392    397   9395    8.33362809e-002   1.4e-003
 393    398   9420    8.33361050e-002   1.5e-003
 394    399   9445    8.33359236e-002   1.4e-003
 395    400   9470    8.33357434e-002   1.3e-003
 396    401   9495    8.33355724e-002   1.1e-003
 397    402   9520    8.33354133e-002   9.7e-004
 398    403   9545    8.33352722e-002   9.3e-004
 399    404   9570    8.33351481e-002   7.0e-004
 400    405   9595    8.33350429e-002   1.7e-003
 401    406   9620    8.33349544e-002   5.1e-004
 402    407   9643    8.33344449e-002   1.3e-003
 403    408   9668    8.33343687e-002   1.2e-003
 404    409   9687    8.33342396e-002   8.2e-004
 405    410   9692    8.33342346e-002   3.0e-004
 406    411   9712    8.33342065e-002   8.8e-004
 407    412   9731    8.33341737e-002   6.0e-004
 408    413   9756    8.33341582e-002   3.2e-004
 409    414   9781    8.33341408e-002   4.1e-004
 410    415   9806    8.33341256e-002   4.5e-004
 411    416   9831    8.33341091e-002   5.0e-004
 412    417   9856    8.33340926e-002   5.2e-004
 413    418   9881    8.33340747e-002   5.0e-004
 414    419   9906    8.33340533e-002   5.8e-004
 415    420   9931    8.33340264e-002   5.1e-004
 416    421   9956    8.33339947e-002   6.5e-004
 417    422   9981    8.33339605e-002   4.7e-004
 418    423   10006    8.33339301e-002   6.3e-004
 419    424   10031    8.33339029e-002   3.6e-004
 420    425   10056    8.33338774e-002   6.4e-004
 421    426   10081    8.33338503e-002   3.4e-004
 422    427   10106    8.33338241e-002   6.2e-004
 423    428   10131    8.33338009e-002   3.5e-004
 424    429   10156    8.33337818e-002   4.9e-004
 425    430   10181    8.33337642e-002   3.6e-004
 426    431   10202    8.33337148e-002   4.2e-004
 427    432   10206    8.33337137e-002   1.2e-004
 428    433   10231    8.33337021e-002   5.0e-004
 429    434   10235    8.33337007e-002   1.4e-004
 430    435   10260    8.33336958e-002   3.0e-004
 431    436   10285    8.33336915e-002   1.6e-004
 432    437   10306    8.33336883e-002   1.2e-004
 433    438   10331    8.33336865e-002   2.3e-004
 434    439   10356    8.33336847e-002   1.0e-004
 435    440   10377    8.33336822e-002   2.3e-004
 436    441   10398    8.33336792e-002   1.2e-004
 437    442   10423    8.33336768e-002   1.3e-004
 438    443   10448    8.33336747e-002   1.2e-004
 439    444   10473    8.33336725e-002   1.2e-004
 440    445   10498    8.33336701e-002   1.4e-004
 441    446   10522    8.33336674e-002   8.5e-005
 442    447   10547    8.33336647e-002   2.6e-004
 443    448   10572    8.33336625e-002   8.7e-005
 444    449   10595    8.33336609e-002   8.2e-005
 445    450   10616    8.33336583e-002   9.1e-005
 446    451   10641    8.33336571e-002   1.7e-004
 447    452   10666    8.33336565e-002   9.9e-005
 448    453   10690    8.33336556e-002   1.2e-004
 449    454   10712    8.33336545e-002   4.8e-005
 450    455   10737    8.33336533e-002   1.8e-004
 451    456   10760    8.33336526e-002   4.2e-005
 452    457   10785    8.33336516e-002   1.6e-004
 453    458   10791    8.33336514e-002   8.7e-005
 454    459   10816    8.33336498e-002   2.0e-004
 455    460   10824    8.33336492e-002   8.5e-005
 456    461   10849    8.33336471e-002   1.8e-004
 457    462   10874    8.33336446e-002   1.3e-004
 458    463   10899    8.33336423e-002   1.3e-004
 459    464   10924    8.33336407e-002   1.3e-004
 460    465   10949    8.33336388e-002   1.3e-004
 461    466   10973    8.33336362e-002   9.0e-005
 462    467   10998    8.33336338e-002   2.0e-004
 463    468   11001    8.33336336e-002   9.4e-005
 464    469   11023    8.33336316e-002   1.1e-004
 465    470   11048    8.33336298e-002   1.5e-004
 466    471   11073    8.33336279e-002   1.3e-004
 467    472   11098    8.33336268e-002   1.2e-004
 468    473   11123    8.33336255e-002   1.1e-004
 469    474   11148    8.33336243e-002   1.5e-004
 470    475   11173    8.33336231e-002   1.1e-004
 471    476   11198    8.33336216e-002   2.0e-004
 472    477   11222    8.33336197e-002   7.9e-005
 473    478   11247    8.33336179e-002   2.2e-004
 474    479   11250    8.33336176e-002   8.3e-005
 475    480   11275    8.33336153e-002   2.7e-004
 476    481   11300    8.33336121e-002   1.2e-004
 477    482   11325    8.33336098e-002   2.6e-004
 478    483   11349    8.33336079e-002   6.0e-005
 479    484   11374    8.33336057e-002   2.6e-004
 480    485   11398    8.33336026e-002   6.7e-005
 481    486   11423    8.33335992e-002   1.9e-004
 482    487   11448    8.33335962e-002   1.2e-004
 483    488   11473    8.33335923e-002   1.9e-004
 484    489   11498    8.33335875e-002   1.1e-004
 485    490   11523    8.33335816e-002   3.2e-004
 486    491   11547    8.33335738e-002   1.0e-004
 487    492   11572    8.33335634e-002   5.9e-004
 488    493   11575    8.33335606e-002   2.5e-004
 489    494   11600    8.33335503e-002   5.6e-004
 490    495   11624    8.33335317e-002   2.6e-004
 491    496   11649    8.33335203e-002   2.7e-004
 492    497   11674    8.33335099e-002   2.1e-004
 493    498   11699    8.33334997e-002   2.5e-004
 494    499   11721    8.33334925e-002   1.5e-004
 495    500   11746    8.33334865e-002   2.1e-004
 496    501   11771    8.33334803e-002   1.4e-004
 497    502   11796    8.33334759e-002   2.1e-004
 498    503   11820    8.33334722e-002   9.2e-005
 499    504   11845    8.33334680e-002   2.0e-004
 500    505   11870    8.33334646e-002   9.3e-005
 501    506   11895    8.33334615e-002   1.1e-004
 502    507   11920    8.33334593e-002   1.2e-004
 503    508   11943    8.33334578e-002   4.9e-005
 504    509   11968    8.33334557e-002   2.4e-004
 505    510   11971    8.33334553e-002   6.4e-005
 506    511   11993    8.33334538e-002   5.9e-005
 507    512   12013    8.33334520e-002   6.5e-005
 508    513   12033    8.33334507e-002   4.9e-005
 509    514   12058    8.33334494e-002   1.0e-004
 510    515   12083    8.33334487e-002   4.5e-005
 511    516   12105    8.33334480e-002   3.9e-005
 512    517   12126    8.33334474e-002   3.1e-005
 513    518   12151    8.33334469e-002   9.0e-005
 514    519   12156    8.33334468e-002   2.7e-005
 515    520   12181    8.33334463e-002   8.1e-005
 516    521   12206    8.33334458e-002   3.6e-005
 517    522   12231    8.33334454e-002   5.0e-005
 518    523   12256    8.33334449e-002   4.2e-005
 519    524   12281    8.33334444e-002   4.5e-005
 520    525   12306    8.33334439e-002   4.6e-005
 521    526   12331    8.33334433e-002   5.5e-005
 522    527   12355    8.33334426e-002   3.8e-005
 523    528   12380    8.33334418e-002   1.3e-004
 524    529   12405    8.33334406e-002   5.9e-005
 525    530   12430    8.33334390e-002   1.4e-004
 526    531   12455    8.33334378e-002   6.1e-005
 527    532   12480    8.33334366e-002   9.3e-005
 528    533   12505    8.33334355e-002   7.0e-005
 529    534   12530    8.33334345e-002   9.3e-005
 530    535   12555    8.33334333e-002   8.3e-005
 531    536   12574    8.33334321e-002   5.4e-005
 532    537   12599    8.33334309e-002   8.7e-005
 533    538   12606    8.33334306e-002   6.5e-005
 534    539   12621    8.33334294e-002   9.3e-005
 535    540   12646    8.33334271e-002   1.3e-004
 536    541   12671    8.33334247e-002   1.0e-004
 537    542   12696    8.33334225e-002   1.0e-004
 538    543   12721    8.33334196e-002   1.3e-004
 539    544   12746    8.33334161e-002   1.2e-004
 540    545   12771    8.33334121e-002   1.6e-004
 541    546   12796    8.33334082e-002   1.5e-004
 542    547   12821    8.33334046e-002   1.6e-004
 543    548   12842    8.33333991e-002   1.0e-004
 544    549   12867    8.33333961e-002   1.1e-004
 545    550   12889    8.33333937e-002   1.0e-004
 546    551   12910    8.33333917e-002   9.1e-005
 547    552   12930    8.33333900e-002   6.6e-005
 548    553   12950    8.33333881e-002   9.1e-005
 549    554   12969    8.33333861e-002   7.8e-005
 550    555   12994    8.33333838e-002   3.1e-004
 551    556   13019    8.33333805e-002   1.1e-004
 552    557   13044    8.33333771e-002   2.5e-004
 553    558   13069    8.33333744e-002   8.0e-005
 554    559   13094    8.33333723e-002   1.6e-004
 555    560   13116    8.33333699e-002   6.4e-005
 556    561   13141    8.33333676e-002   1.3e-004
 557    562   13166    8.33333660e-002   1.1e-004
 558    563   13191    8.33333641e-002   8.1e-005
 559    564   13216    8.33333624e-002   9.6e-005
 560    565   13240    8.33333604e-002   5.5e-005
 561    566   13265    8.33333593e-002   1.4e-004
 562    567   13290    8.33333585e-002   4.2e-005
 563    568   13310    8.33333574e-002   4.0e-005
 564    569   13335    8.33333564e-002   9.4e-005
 565    570   13358    8.33333555e-002   3.5e-005
 566    571   13383    8.33333548e-002   6.8e-005
 567    572   13408    8.33333543e-002   3.5e-005
 568    573   13433    8.33333536e-002   5.3e-005
 569    574   13457    8.33333530e-002   4.8e-005
 570    575   13479    8.33333527e-002   4.3e-005
 571    576   13501    8.33333522e-002   5.5e-005
 572    577   13521    8.33333518e-002   3.6e-005
 573    578   13539    8.33333514e-002   6.9e-005
 574    579   13553    8.33333512e-002   4.2e-005
 575    580   13578    8.33333509e-002   9.2e-005
 576    581   13582    8.33333508e-002   4.4e-005
 577    582   13607    8.33333506e-002   3.7e-005
 578    583   13632    8.33333504e-002   4.0e-005
 579    584   13657    8.33333502e-002   3.2e-005
 580    585   13682    8.33333501e-002   4.0e-005
 581    586   13705    8.33333500e-002   1.7e-005
 582    587   13726    8.33333498e-002   3.2e-005
 583    588   13751    8.33333497e-002   6.7e-005
 584    589   13756    8.33333496e-002   3.0e-005
 585    590   13781    8.33333493e-002   4.2e-005
 586    591   13806    8.33333491e-002   2.1e-005
 587    592   13831    8.33333488e-002   3.7e-005
 588    593   13855    8.33333485e-002   4.8e-005
 589    594   13880    8.33333483e-002   4.8e-005
 590    595   13905    8.33333479e-002   4.4e-005
 591    596   13930    8.33333476e-002   5.2e-005
 592    597   13955    8.33333473e-002   4.6e-005
 593    598   13980    8.33333471e-002   7.7e-005
 594    599   14005    8.33333470e-002   3.7e-005
 595    600   14030    8.33333467e-002   6.1e-005
 596    601   14055    8.33333465e-002   3.4e-005
 597    602   14080    8.33333464e-002   5.1e-005
 598    603   14105    8.33333462e-002   4.8e-005
 599    604   14130    8.33333460e-002   5.0e-005
 600    605   14155    8.33333458e-002   3.8e-005
 601    606   14180    8.33333457e-002   4.6e-005
 602    607   14205    8.33333456e-002   3.0e-005
 603    608   14230    8.33333455e-002   3.8e-005
 604    609   14255    8.33333455e-002   2.9e-005
 605    610   14280    8.33333454e-002   3.2e-005
 606    611   14305    8.33333453e-002   2.9e-005
 607    612   14330    8.33333452e-002   3.5e-005
 608    613   14355    8.33333452e-002   2.1e-005
 609    614   14378    8.33333451e-002   3.4e-005
 610    615   14403    8.33333450e-002   3.8e-005
 611    616   14406    8.33333450e-002   3.2e-005
 612    617   14428    8.33333449e-002   3.5e-005
 613    618   14451    8.33333448e-002   3.1e-005
 614    619   14473    8.33333447e-002   2.3e-005
 615    620   14498    8.33333446e-002   5.1e-005
 616    621   14503    8.33333445e-002   2.4e-005
 617    622   14528    8.33333444e-002   4.0e-005
 618    623   14533    8.33333443e-002   1.7e-005
 619    624   14558    8.33333442e-002   3.2e-005
 620    625   14583    8.33333441e-002   2.6e-005
 621    626   14607    8.33333440e-002   2.0e-005
 622    627   14632    8.33333440e-002   3.1e-005
 623    628   14655    8.33333439e-002   2.0e-005
 624    629   14680    8.33333438e-002   2.1e-005
 625    630   14705    8.33333437e-002   3.3e-005
 626    631   14730    8.33333436e-002   1.9e-005
 627    632   14753    8.33333435e-002   1.5e-005
 628    633   14778    8.33333434e-002   3.8e-005
 629    634   14803    8.33333433e-002   2.9e-005
 630    635   14828    8.33333432e-002   3.4e-005
 631    636   14852    8.33333431e-002   3.9e-005
 632    637   14872    8.33333430e-002   1.6e-005
 633    638   14892    8.33333429e-002   3.5e-005
 634    639   14917    8.33333428e-002   6.3e-005
 635    640   14941    8.33333427e-002   2.8e-005
 636    641   14966    8.33333426e-002   7.2e-005
 637    642   14990    8.33333424e-002   4.3e-005
 638    643   15015    8.33333422e-002   5.4e-005
 639    644   15039    8.33333420e-002   3.0e-005
 640    645   15064    8.33333419e-002   3.0e-005
 641    646   15089    8.33333418e-002   4.2e-005
 642    647   15114    8.33333417e-002   2.3e-005
 643    648   15138    8.33333416e-002   2.0e-005
 644    649   15163    8.33333415e-002   4.9e-005
 645    650   15166    8.33333414e-002   3.3e-005
 646    651   15188    8.33333413e-002   4.0e-005
 647    652   15210    8.33333412e-002   3.1e-005
 648    653   15232    8.33333410e-002   5.6e-005
 649    654   15254    8.33333408e-002   4.0e-005
 650    655   15276    8.33333407e-002   3.1e-005
 651    656   15297    8.33333405e-002   2.7e-005
 652    657   15318    8.33333403e-002   4.1e-005
 653    658   15337    8.33333401e-002   2.1e-005
 654    659   15362    8.33333399e-002   4.5e-005
 655    660   15387    8.33333396e-002   3.9e-005
 656    661   15412    8.33333394e-002   4.7e-005
 657    662   15437    8.33333391e-002   3.2e-005
 658    663   15462    8.33333389e-002   3.9e-005
 659    664   15487    8.33333387e-002   2.8e-005
 660    665   15512    8.33333385e-002   3.6e-005
 661    666   15537    8.33333383e-002   2.1e-005
 662    667   15562    8.33333381e-002   4.5e-005
 663    668   15586    8.33333380e-002   1.6e-005
 664    669   15611    8.33333378e-002   5.4e-005
 665    670   15636    8.33333377e-002   2.1e-005
 666    671   15661    8.33333376e-002   5.4e-005
 667    672   15686    8.33333374e-002   3.0e-005
 668    673   15711    8.33333373e-002   3.3e-005
 669    674   15736    8.33333372e-002   3.8e-005
 670    675   15759    8.33333371e-002   4.1e-005
 671    676   15776    8.33333370e-002   4.2e-005
 672    677   15792    8.33333369e-002   2.1e-005
 673    678   15808    8.33333368e-002   2.2e-005
 674    679   15833    8.33333367e-002   2.3e-005
 675    680   15858    8.33333366e-002   2.6e-005
 676    681   15883    8.33333366e-002   1.9e-005
 677    682   15906    8.33333365e-002   1.2e-005
 678    683   15931    8.33333364e-002   2.8e-005
 679    684   15934    8.33333364e-002   1.3e-005
 680    685   15956    8.33333364e-002   2.0e-005
 681    686   15981    8.33333363e-002   4.1e-005
 682    687   15988    8.33333363e-002   1.0e-005
 683    688   16013    8.33333362e-002   4.3e-005
 684    689   16037    8.33333361e-002   1.5e-005
 685    690   16062    8.33333360e-002   1.3e-005
 686    691   16087    8.33333359e-002   1.5e-005
 687    692   16112    8.33333359e-002   1.8e-005
 688    693   16135    8.33333358e-002   1.1e-005
 689    694   16160    8.33333358e-002   3.1e-005
 690    695   16184    8.33333357e-002   7.4e-006
 691    696   16209    8.33333356e-002   3.1e-005
 692    697   16234    8.33333355e-002   8.8e-006
 693    698   16259    8.33333355e-002   2.4e-005
 694    699   16284    8.33333354e-002   1.6e-005
 695    700   16309    8.33333353e-002   2.6e-005
 696    701   16334    8.33333353e-002   8.6e-006
 697    702   16359    8.33333352e-002   2.9e-005
 698    703   16384    8.33333352e-002   1.2e-005
 699    704   16409    8.33333351e-002   2.0e-005
 700    705   16434    8.33333351e-002   1.5e-005
 701    706   16459    8.33333351e-002   1.5e-005
 702    707   16484    8.33333350e-002   1.3e-005
 703    708   16508    8.33333350e-002   1.6e-005
 704    709   16532    8.33333350e-002   9.5e-006
 705    710   16554    8.33333350e-002   6.8e-006
 706    711   16579    8.33333350e-002   1.8e-005
 707    712   16583    8.33333349e-002   9.3e-006
 708    713   16603    8.33333349e-002   5.4e-006
 709    714   16619    8.33333349e-002   8.2e-006
 710    715   16635    8.33333349e-002   7.3e-006
 711    716   16660    8.33333349e-002   1.8e-005
 712    717   16666    8.33333349e-002   7.7e-006
 713    718   16680    8.33333349e-002   8.1e-006
 714    719   16701    8.33333349e-002   6.2e-006
 715    720   16726    8.33333349e-002   9.4e-006
 716    721   16751    8.33333348e-002   8.3e-006
 717    722   16776    8.33333348e-002   1.0e-005
 718    723   16801    8.33333348e-002   8.0e-006
 719    724   16826    8.33333348e-002   1.0e-005
 720    725   16851    8.33333348e-002   8.6e-006
 721    726   16874    8.33333348e-002   8.6e-006
 722    727   16899    8.33333347e-002   2.2e-005
 723    728   16923    8.33333347e-002   5.8e-006
 724    729   16948    8.33333347e-002   3.3e-005
 725    730   16953    8.33333347e-002   7.4e-006
 726    731   16973    8.33333347e-002   5.6e-006
 727    732   16998    8.33333346e-002   1.6e-005
 728    733   17023    8.33333346e-002   1.2e-005
 729    734   17048    8.33333346e-002   1.3e-005
 730    735   17072    8.33333345e-002   9.4e-006
 731    736   17097    8.33333345e-002   2.2e-005
 732    737   17122    8.33333345e-002   1.0e-005
 733    738   17146    8.33333345e-002   7.2e-006
 734    739   17171    8.33333344e-002   2.7e-005
 735    740   17195    8.33333344e-002   9.2e-006
 736    741   17220    8.33333344e-002   2.4e-005
 737    742   17224    8.33333344e-002   8.7e-006
 738    743   17244    8.33333344e-002   7.3e-006
 739    744   17269    8.33333343e-002   2.7e-005
 740    745   17273    8.33333343e-002   7.3e-006
 741    746   17298    8.33333343e-002   1.7e-005
 742    747   17323    8.33333343e-002   9.5e-006
 743    748   17348    8.33333342e-002   1.2e-005
 744    749   17373    8.33333342e-002   1.1e-005
 745    750   17398    8.33333342e-002   9.0e-006
 746    751   17423    8.33333342e-002   1.1e-005
 747    752   17448    8.33333341e-002   1.1e-005
 748    753   17470    8.33333341e-002   9.3e-006
 749    754   17495    8.33333340e-002   1.3e-005
 750    755   17518    8.33333340e-002   6.8e-006
 751    756   17543    8.33333340e-002   1.2e-005
 752    757   17568    8.33333340e-002   8.1e-006
 753    758   17593    8.33333339e-002   9.2e-006
 754    759   17617    8.33333339e-002   5.9e-006
 755    760   17642    8.33333339e-002   2.1e-005
 756    761   17646    8.33333339e-002   5.0e-006
 757    762   17667    8.33333339e-002   5.4e-006
 758    763   17692    8.33333339e-002   7.7e-006
 759    764   17717    8.33333339e-002   4.6e-006
 760    765   17742    8.33333339e-002   7.0e-006
 761    766   17767    8.33333339e-002   4.6e-006
 762    767   17788    8.33333339e-002   5.8e-006
 763    768   17813    8.33333338e-002   7.6e-006
 764    769   17818    8.33333338e-002   3.4e-006
 765    770   17836    8.33333338e-002   3.7e-006
 766    771   17861    8.33333338e-002   8.0e-006
 767    772   17868    8.33333338e-002   3.1e-006
 768    773   17885    8.33333338e-002   6.7e-006
 769    774   17910    8.33333338e-002   1.5e-005
 770    775   17935    8.33333338e-002   7.8e-006
 771    776   17960    8.33333338e-002   1.0e-005
 772    777   17984    8.33333337e-002   7.8e-006
 773    778   18006    8.33333337e-002   6.3e-006
 774    779   18028    8.33333337e-002   6.5e-006
 775    780   18049    8.33333337e-002   6.3e-006
 776    781   18070    8.33333337e-002   5.1e-006
 777    782   18091    8.33333337e-002   6.5e-006
 778    783   18111    8.33333336e-002   6.2e-006
 779    784   18129    8.33333336e-002   4.8e-006
 780    785   18154    8.33333336e-002   1.6e-005
 781    786   18179    8.33333336e-002   8.5e-006
 782    787   18204    8.33333336e-002   7.7e-006
 783    788   18227    8.33333336e-002   3.9e-006
 784    789   18248    8.33333336e-002   4.5e-006
 785    790   18273    8.33333336e-002   9.9e-006
 786    791   18278    8.33333336e-002   4.4e-006
 787    792   18298    8.33333336e-002   5.0e-006
 788    793   18323    8.33333335e-002   9.0e-006
 789    794   18348    8.33333335e-002   6.6e-006
 790    795   18373    8.33333335e-002   6.4e-006
 791    796   18395    8.33333335e-002   4.8e-006
 792    797   18420    8.33333335e-002   7.8e-006
 793    798   18445    8.33333335e-002   7.5e-006
 794    799   18470    8.33333335e-002   5.8e-006
 795    800   18494    8.33333334e-002   5.0e-006
 796    801   18519    8.33333334e-002   1.1e-005
 797    802   18543    8.33333334e-002   3.3e-006
 798    803   18568    8.33333334e-002   7.9e-006
 799    804   18571    8.33333334e-002   3.0e-006
 800    805   18596    8.33333334e-002   6.8e-006
 801    806   18600    8.33333334e-002   4.1e-006
 802    807   18625    8.33333334e-002   5.9e-006
 803    808   18650    8.33333334e-002   2.8e-006
 804    809   18675    8.33333334e-002   3.3e-006
 805    810   18700    8.33333334e-002   3.1e-006
 806    811   18725    8.33333334e-002   2.9e-006
 807    812   18749    8.33333334e-002   2.4e-006
 808    813   18774    8.33333334e-002   6.0e-006
 809    814   18799    8.33333334e-002   1.8e-006
 810    815   18824    8.33333334e-002   3.8e-006
 811    816   18849    8.33333334e-002   1.4e-006
 812    817   18874    8.33333334e-002   2.9e-006
 813    818   18899    8.33333334e-002   1.1e-006
 814    819   18924    8.33333334e-002   2.0e-006
 815    820   18949    8.33333334e-002   1.1e-006
 816    821   18971    8.33333334e-002   9.1e-007
 817    822   18996    8.33333334e-002   2.4e-006
 818    823   19000    8.33333334e-002   1.4e-006
 819    824   19020    8.33333334e-002   9.5e-007
 820    825   19040    8.33333334e-002   1.2e-006
 821    826   19057    8.33333334e-002   1.1e-006
 822    827   19082    8.33333334e-002   3.1e-006
 823    828   19107    8.33333334e-002   2.3e-006
 824    829   19132    8.33333334e-002   1.4e-006
 825    830   19156    8.33333334e-002   1.4e-006
 826    831   19181    8.33333334e-002   4.4e-006
 827    832   19206    8.33333334e-002   1.5e-006
 828    833   19231    8.33333334e-002   2.7e-006
 829    834   19255    8.33333334e-002   1.4e-006
 830    835   19280    8.33333334e-002   2.3e-006
 831    836   19287    8.33333334e-002   7.7e-007
 832    837   19305    8.33333334e-002   1.1e-006
 833    838   19330    8.33333334e-002   1.9e-006
 834    839   19354    8.33333334e-002   8.6e-007
 835    840   19379    8.33333334e-002   2.5e-006
 836    841   19403    8.33333334e-002   7.3e-007
 837    842   19428    8.33333334e-002   2.6e-006
 838    843   19453    8.33333334e-002   2.0e-006
 839    844   19478    8.33333334e-002   1.9e-006
 840    845   19501    8.33333334e-002   1.5e-006
 841    846   19526    8.33333334e-002   2.7e-006
 842    847   19551    8.33333334e-002   2.3e-006
 843    848   19572    8.33333334e-002   1.4e-006
 844    849   19597    8.33333334e-002   2.6e-006
 845    850   19622    8.33333334e-002   1.6e-006
 846    851   19647    8.33333334e-002   2.9e-006
 847    852   19671    8.33333334e-002   1.2e-006
 848    853   19696    8.33333334e-002   3.6e-006
 849    854   19700    8.33333334e-002   1.1e-006
 850    855   19721    8.33333334e-002   1.1e-006
 851    856   19741    8.33333334e-002   1.3e-006
 852    857   19760    8.33333334e-002   1.8e-006
 853    858   19783    8.33333334e-002   1.3e-006
 854    859   19808    8.33333334e-002   3.1e-006
 855    860   19812    8.33333334e-002   9.7e-007
 856    861   19837    8.33333334e-002   1.6e-006
 857    862   19862    8.33333334e-002   1.5e-006
 858    863   19887    8.33333334e-002   1.8e-006
 859    864   19912    8.33333334e-002   2.1e-006
 860    865   19937    8.33333334e-002   2.6e-006
 861    866   19962    8.33333334e-002   1.8e-006
 862    867   19987    8.33333334e-002   2.8e-006
 863    868   20012    8.33333334e-002   1.7e-006
 864    869   20037    8.33333334e-002   2.7e-006
 865    870   20062    8.33333334e-002   1.6e-006
 866    871   20087    8.33333334e-002   2.0e-006
 867    872   20112    8.33333334e-002   1.4e-006
 868    873   20137    8.33333334e-002   1.5e-006
 869    874   20162    8.33333334e-002   1.7e-006
 870    875   20187    8.33333334e-002   1.6e-006
 871    876   20212    8.33333334e-002   1.2e-006
 872    877   20237    8.33333334e-002   1.7e-006
 873    878   20262    8.33333334e-002   1.1e-006
 874    879   20287    8.33333333e-002   1.7e-006
 875    880   20312    8.33333333e-002   1.0e-006
 876    881   20337    8.33333333e-002   1.4e-006
 877    882   20362    8.33333333e-002   1.1e-006
 878    883   20387    8.33333333e-002   1.4e-006
 879    884   20412    8.33333333e-002   1.2e-006
 880    885   20437    8.33333333e-002   1.4e-006
 881    886   20462    8.33333333e-002   1.3e-006
 882    887   20487    8.33333333e-002   1.4e-006
 883    888   20512    8.33333333e-002   1.3e-006
 884    889   20537    8.33333333e-002   1.4e-006
 885    890   20562    8.33333333e-002   1.3e-006
 886    891   20587    8.33333333e-002   1.4e-006
 887    892   20612    8.33333333e-002   1.2e-006
 888    893   20637    8.33333333e-002   1.2e-006
 889    894   20662    8.33333333e-002   1.3e-006
 890    895   20687    8.33333333e-002   1.0e-006
 891    896   20712    8.33333333e-002   9.2e-007
 892    897   20737    8.33333333e-002   9.1e-007
 893    898   20762    8.33333333e-002   8.2e-007
 894    899   20787    8.33333333e-002   8.8e-007
 895    900   20812    8.33333333e-002   7.9e-007
 896    901   20837    8.33333333e-002   1.4e-006
 897    902   20862    8.33333333e-002   7.3e-007
 898    903   20887    8.33333333e-002   8.5e-007
 899    904   20912    8.33333333e-002   6.4e-007
 900    905   20937    8.33333333e-002   9.4e-007
 901    906   20962    8.33333333e-002   5.9e-007
 902    907   20987    8.33333333e-002   7.4e-007
 903    908   21012    8.33333333e-002   4.9e-007
 904    909   21037    8.33333333e-002   6.7e-007
 905    910   21062    8.33333333e-002   4.6e-007
 906    911   21087    8.33333333e-002   6.2e-007
 907    912   21112    8.33333333e-002   4.3e-007
 908    913   21137    8.33333333e-002   8.3e-007
 909    914   21162    8.33333333e-002   4.1e-007
 910    915   21187    8.33333333e-002   5.9e-007
 911    916   21212    8.33333333e-002   3.6e-007
 912    917   21237    8.33333333e-002   5.0e-007
 913    918   21262    8.33333333e-002   3.3e-007
 914    919   21287    8.33333333e-002   5.1e-007
 915    920   21312    8.33333333e-002   3.2e-007
 916    921   21337    8.33333333e-002   6.5e-007
 917    922   21362    8.33333333e-002   3.4e-007
 918    923   21387    8.33333333e-002   6.7e-007
 919    924   21412    8.33333333e-002   3.7e-007
 920    925   21437    8.33333333e-002   5.7e-007
 921    926   21462    8.33333333e-002   4.2e-007
 922    927   21487    8.33333333e-002   6.4e-007
 923    928   21512    8.33333333e-002   4.8e-007
 924    929   21537    8.33333333e-002   5.2e-007
 925    930   21562    8.33333333e-002   5.2e-007
 926    931   21587    8.33333333e-002   5.6e-007
 927    932   21612    8.33333333e-002   5.3e-007
 928    933   21637    8.33333333e-002   5.4e-007
 929    934   21662    8.33333333e-002   5.3e-007
 930    935   21687    8.33333333e-002   6.2e-007
 931    936   21712    8.33333333e-002   5.2e-007
 932    937   21737    8.33333333e-002   6.5e-007
 933    938   21762    8.33333333e-002   4.8e-007
 934    939   21787    8.33333333e-002   9.7e-007
 935    940   21812    8.33333333e-002   5.0e-007
 936    941   21837    8.33333333e-002   7.7e-007
 937    942   21862    8.33333333e-002   5.2e-007
 938    943   21887    8.33333333e-002   5.5e-007
 939    944   21912    8.33333333e-002   5.2e-007
 940    945   21937    8.33333333e-002   7.3e-007
 941    946   21962    8.33333333e-002   5.6e-007
 942    947   21987    8.33333333e-002   6.9e-007
 943    948   22012    8.33333333e-002   6.3e-007
 944    949   22037    8.33333333e-002   6.9e-007
 945    950   22062    8.33333333e-002   6.7e-007
 946    951   22087    8.33333333e-002   8.7e-007
 947    952   22112    8.33333333e-002   6.7e-007
 948    953   22137    8.33333333e-002   7.6e-007
 949    954   22162    8.33333333e-002   6.6e-007
 950    955   22187    8.33333333e-002   6.5e-007
 951    956   22212    8.33333333e-002   6.4e-007
 952    957   22237    8.33333333e-002   6.1e-007
 953    958   22262    8.33333333e-002   6.2e-007
 954    959   22287    8.33333333e-002   5.4e-007
 955    960   22312    8.33333333e-002   6.2e-007
 956    961   22337    8.33333333e-002   4.7e-007
 957    962   22362    8.33333333e-002   6.3e-007
 958    963   22387    8.33333333e-002   4.1e-007
 959    964   22412    8.33333333e-002   6.5e-007
 960    965   22437    8.33333333e-002   4.2e-007
 961    966   22462    8.33333333e-002   6.8e-007
 962    967   22487    8.33333333e-002   4.2e-007
 963    968   22512    8.33333333e-002   6.9e-007
 964    969   22537    8.33333333e-002   4.2e-007
 965    970   22562    8.33333333e-002   7.0e-007
 966    971   22587    8.33333333e-002   4.2e-007
 967    972   22612    8.33333333e-002   6.9e-007
 968    973   22636    8.33333333e-002   2.9e-007
 969    974   22661    8.33333333e-002   1.3e-006
 970    975   22663    8.33333333e-002   5.9e-007
convergence rate=0.967893
LMQNBC: termination 5
Time elapsed: 55370.9375 sec

-------------------------------------------------------------------------------
Optimization costs per grid
-------------------------------------------------------------------------------
N:       4096  2048  1024   512   256   128    64    32    16     8     4     2
-------------------------------------------------------------------------------
NF(it):   970     0     0     0     0     0     0     0     0     0     0     0
NF(nf):   975     0     0     0     0     0     0     0     0     0     0     0
NF(cg): 22663     0     0     0     0     0     0     0     0     0     0     0
-------------------------------------------------------------------------------

Your MATLAB session has timed out.  All license keys have been returned.
