
size           cycle_number               time                    convergence factor               energy                        ||g||        :regular convergence factor
  16               4                      2.77                    0.002389                        0.05446                     0.00024552
  32               5                      6.38                    0.017749                        0.05523                     0.00005451
  64               5                     11.56                    0.055097                        0.05562                     0.00038159
 128               7                     33.27                    0.067290                        0.05581                     0.00024867
 256               7                     67.67                    0.098268                        0.05591                     0.00024694
 512               7                    132.95                    0.192744                        0.05596                     0.00079214
1024               7                    285.73                    0.150374                        0.05598                     0.00094572
2048               7                    617.97                    0.289043                        0.05599                     0.00087844
4096               8                    1342.05                    0.128920                        0.05600                     0.00146737
size           cycle_number               time                    convergence factor               energy                        ||g||      :average convergence factor
  16               4                      2.84                    0.035021                        0.05446                     0.00024552
  32               5                      6.36                    0.031398                        0.05523                     0.00005451
  64               5                     11.59                    0.067316                        0.05562                     0.00038159
 128               7                     33.16                    0.112039                        0.05581                     0.00024867
 256               7                     64.39                    0.097979                        0.05591                     0.00024694
 512               7                    132.22                    0.123023                        0.05596                     0.00079214
1024               7                    284.84                    0.110477                        0.05598                     0.00094572
2048               7                    612.45                    0.125323                        0.05599                     0.00087844
4096               8                    1314.53                    0.161447                        0.05600                     0.00146737
size           cycle_number               time                    convergence factor               energy                        ||g||
  16               4                      2.77                    0.034917                        0.05446                     0.00029374
  32               5                      6.14                    0.048247                        0.05523                     0.00018695
  64               6                     14.39                    0.082127                        0.05562                     0.00025420
 128               7                     36.89                    0.095571                        0.05581                     0.00018719
 256               6                     55.73                    0.092351                        0.05591                     0.00066102
 512               7                    138.89                    0.114143                        0.05596                     0.00053323
1024               7                    297.98                    0.107613                        0.05598                     0.00026817
2048              11                    926.88                    0.256373                        0.05599                     0.00124306
4096              15                    2713.67                    0.351521                        0.05600                     0.00021372
size           cycle_number               time                    convergence factor               energy                        ||g||
  16               4                      2.75                    0.023469                        0.08333                     0.00006380
  32               5                      5.81                    0.044017                        0.08333                     0.00009052
  64               6                     12.19                    0.095241                        0.08333                     0.00015186
 128               5                     20.02                    0.060380                        0.08333                     0.00045725
 256               6                     44.88                    0.117429                        0.08333                     0.00042026
 512               6                     91.80                    0.093185                        0.08333                     0.00031314
1024               6                    179.13                    0.079634                        0.08333                     0.00100200
2048               6                    403.50                    0.072762                        0.08333                     0.00084428
size           cycle_number               time                    convergence factor               energy                        ||g||
4096               6                    820.45                    0.075675                        0.08333                     0.00040184
size           cycle_number               time                    convergence factor               energy                        ||g||
size           cycle_number               time                    convergence factor               energy                        ||g||
size           cycle_number               time                    convergence factor               energy                        ||g||
size           cycle_number               time                    convergence factor               energy                        ||g||
size           cycle_number               time                    convergence factor               energy                        ||g||
size           cycle_number               time                    convergence factor               energy                        ||g||
size           cycle_number               time                    convergence factor               energy                        ||g||
   4               3                      0.75                    0.006217                        0.08333                     0.00007630
   8               3                      1.28                    0.006367                        0.08333                     0.00015619
  16               5                      4.78                    0.021651                        0.08333                     0.00002496
  32               5                      8.06                    0.048540                        0.08333                     0.00026175
  64               6                     17.31                    0.057879                        0.08333                     0.00015372
 128               8                     43.09                    0.096226                        0.08333                     0.00019576
