  16               5                      3.20                    0.017077                        0.05446                     0.00000177
  32               6                      7.56                    0.048231                        0.05523                     0.00001863
  64               7                     18.13                    0.067320                        0.05562                     0.00002180
 128               8                     44.38                    0.101880                        0.05581                     0.00004069
 256               9                    114.77                    0.132296                        0.05591                     0.00009394
 512              11                    260.11                    0.171556                        0.05596                     0.00003908
1024              14                    719.50                    0.229035                        0.05598                     0.00005031
2048              19                    2098.50                    0.351017                        0.05599                     0.00005232
4096              22                    5743.11                    0.401282                        0.05600                     0.00012712
8192               2                    981.38                    0.402520                        0.00000                     0.00000002
  16               4                      2.86                    0.023034                        0.08748                     0.00001327
  32               5                      6.00                    0.032161                        0.08748                     0.00000580
  64               6                     13.06                    0.071840                        0.08748                     0.00001447
 128               7                     30.16                    0.086767                        0.08748                     0.00001925
 256               6                     52.78                    0.067419                        0.08748                     0.00003493
 512               6                    107.11                    0.084696                        0.08748                     0.00010163
1024               6                    257.14                    0.062066                        0.08748                     0.00007674
2048               7                    543.30                    0.114350                        0.08748                     0.00021171
4096               7                    1188.09                    0.080968                        0.08748                     0.00005862
