opt
  it     nf     cg           f             |g|
   0      1      0    2.48031073e+003   7.4e-002
   1      2      2    2.09571210e+003   6.5e-002
   2      3      4    1.75863567e+003   5.6e-002
   3      4      6    1.46884876e+003   4.8e-002
   4      5      8    1.35819988e+003   4.4e-002
   5      6     10    1.34046819e+003   4.4e-002
   6      7     12    1.33111251e+003   4.3e-002
   7      8     14    1.30871275e+003   4.3e-002
   8      9     16    1.29754744e+003   4.2e-002
   9     10     18    1.29601124e+003   4.2e-002
  10     11     20    1.28602050e+003   4.2e-002
  11     12     22    1.28542997e+003   4.2e-002
  12     13     24    1.28158505e+003   4.2e-002
  13     14     26    1.27098001e+003   4.1e-002
  14     15     28    1.26596619e+003   4.1e-002
  15     16     30    1.26198793e+003   4.1e-002
  16     17     32    1.26192821e+003   4.1e-002
  17     18     34    1.26056930e+003   4.1e-002
  18     19     36    1.25930061e+003   4.1e-002
  19     20     38    1.25884583e+003   4.1e-002
  20     21     40    1.25692060e+003   4.1e-002
  21     22     42    1.25134824e+003   4.0e-002
  22     23     44    1.24945759e+003   4.0e-002
  23     24     46    1.24867251e+003   4.0e-002
  24     25     48    1.24768426e+003   4.0e-002
  25     26     50    1.24506351e+003   4.0e-002
  26     27     52    1.24492601e+003   4.0e-002
  27     28     54    1.24087251e+003   4.0e-002
  28     29     56    1.23898287e+003   4.0e-002
  29     30     58    1.23507667e+003   4.0e-002
  30     31     60    1.23478052e+003   4.0e-002
  31     32     62    1.23296918e+003   4.0e-002
  32     33     64    1.22927318e+003   4.0e-002
  33     34     66    1.22875740e+003   4.0e-002
  34     35     68    1.22783539e+003   4.0e-002
  35     36     70    1.22671984e+003   4.0e-002
  36     37     72    1.22510993e+003   3.9e-002
  37     38     74    1.22397434e+003   3.9e-002
  38     39     76    1.21857075e+003   3.9e-002
  39     40     78    1.20977068e+003   3.9e-002
  40     41     80    1.20867740e+003   3.9e-002
  41     42     82    1.20857279e+003   3.9e-002
  42     43     84    1.20773170e+003   3.9e-002
  43     44     86    1.20592154e+003   3.9e-002
  44     45     88    1.20521358e+003   3.9e-002
  45     46     90    1.20439353e+003   3.9e-002
  46     47     92    1.20369888e+003   3.9e-002
  47     48     94    1.20339235e+003   3.9e-002
  48     49     96    1.20303353e+003   3.9e-002
  49     50     98    1.19791394e+003   3.8e-002
  50     51    100    1.19568567e+003   3.8e-002
  51     52    102    1.19498461e+003   3.8e-002
  52     53    104    1.19397082e+003   3.8e-002
  53     54    106    1.19333161e+003   3.8e-002
  54     55    108    1.18938133e+003   3.8e-002
  55     56    110    1.18887398e+003   3.8e-002
  56     57    112    1.18786384e+003   3.8e-002
  57     58    114    1.18416583e+003   3.8e-002
  58     59    116    1.18374647e+003   3.8e-002
  59     60    118    1.18371100e+003   3.8e-002
  60     61    120    1.18129297e+003   3.8e-002
  61     62    122    1.17995978e+003   3.8e-002
  62     63    124    1.17748423e+003   3.8e-002
  63     64    126    1.17626961e+003   3.8e-002
  64     65    128    1.17612655e+003   3.8e-002
  65     66    130    1.17441093e+003   3.7e-002
  66     67    132    1.17399420e+003   3.7e-002
  67     68    134    1.17332811e+003   3.7e-002
  68     69    136    1.17067742e+003   3.7e-002
  69     70    138    1.16482056e+003   3.7e-002
  70     71    140    1.16168565e+003   3.7e-002
  71     72    142    1.16148603e+003   3.7e-002
  72     73    144    1.15521669e+003   3.7e-002
  73     74    146    1.15396172e+003   3.7e-002
  74     75    148    1.14595167e+003   3.6e-002
  75     76    150    1.14562811e+003   3.6e-002
  76     77    152    1.14547953e+003   3.6e-002
  77     78    154    1.14400609e+003   3.6e-002
  78     79    156    1.14063307e+003   3.6e-002
  79     80    158    1.14003378e+003   3.6e-002
  80     81    160    1.13810159e+003   3.6e-002
  81     82    162    1.13668924e+003   3.6e-002
  82     83    164    1.13646989e+003   3.6e-002
  83     84    166    1.13422259e+003   3.6e-002
  84     85    168    1.13295594e+003   3.6e-002
  85     86    170    1.13149256e+003   3.6e-002
  86     87    172    1.13130838e+003   3.6e-002
  87     88    174    1.12990252e+003   3.6e-002
  88     89    176    1.12917149e+003   3.6e-002
  89     90    178    1.12834737e+003   3.6e-002
  90     91    180    1.12679550e+003   3.5e-002
  91     92    182    1.12647521e+003   3.5e-002
  92     93    184    1.12642911e+003   3.5e-002
  93     94    186    1.12270678e+003   3.5e-002
  94     95    188    1.12257743e+003   3.5e-002
  95     96    190    1.12088683e+003   3.5e-002
  96     97    192    1.11905351e+003   3.5e-002
  97     98    194    1.11717098e+003   3.5e-002
  98     99    196    1.11216244e+003   3.5e-002
  99    100    198    1.11019499e+003   3.5e-002
 100    101    200    1.10871934e+003   3.5e-002
 101    102    202    1.10845824e+003   3.5e-002
 102    103    204    1.10829506e+003   3.5e-002
 103    104    206    1.10772651e+003   3.5e-002
 104    105    208    1.10718004e+003   3.5e-002
 105    106    210    1.10705577e+003   3.5e-002
 106    107    212    1.10666042e+003   3.5e-002
 107    108    214    1.10349614e+003   3.4e-002
 108    109    216    1.10190697e+003   3.4e-002
 109    110    218    1.10134250e+003   3.4e-002
 110    111    220    1.09935161e+003   3.4e-002
 111    112    222    1.09911640e+003   3.4e-002
 112    113    224    1.09818854e+003   3.4e-002
 113    114    226    1.09370059e+003   3.4e-002
 114    115    228    1.09339031e+003   3.4e-002
 115    116    230    1.09147277e+003   3.4e-002
 116    117    232    1.08954865e+003   3.4e-002
 117    118    234    1.08918711e+003   3.4e-002
 118    119    236    1.08859663e+003   3.4e-002
 119    120    238    1.08818583e+003   3.4e-002
 120    121    240    1.08542830e+003   3.4e-002
 121    122    242    1.08310165e+003   3.4e-002
 122    123    244    1.08309343e+003   3.4e-002
 123    124    246    1.08306352e+003   3.4e-002
 124    125    248    1.08072561e+003   3.3e-002
 125    126    250    1.07754675e+003   3.3e-002
 126    127    252    1.07270077e+003   3.3e-002
 127    128    254    1.07236441e+003   3.3e-002
 128    129    256    1.06874201e+003   3.3e-002
 129    130    258    1.06760642e+003   3.3e-002
 130    131    260    1.06694582e+003   3.3e-002
 131    132    262    1.06629144e+003   3.3e-002
 132    133    264    1.06615739e+003   3.3e-002
 133    134    266    1.06482503e+003   3.3e-002
 134    135    268    1.05907692e+003   3.2e-002
 135    136    270    1.05879119e+003   3.2e-002
 136    137    272    1.05699983e+003   3.2e-002
 137    138    274    1.05559915e+003   3.2e-002
 138    139    276    1.05534587e+003   3.2e-002
 139    140    278    1.05511613e+003   3.2e-002
 140    141    280    1.05316900e+003   3.2e-002
 141    142    282    1.04944000e+003   3.2e-002
 142    143    284    1.04912562e+003   3.2e-002
 143    144    286    1.04705720e+003   3.2e-002
 144    145    288    1.04659507e+003   3.2e-002
 145    146    290    1.04527654e+003   3.2e-002
 146    147    292    1.04408113e+003   3.2e-002
 147    148    294    1.04324737e+003   3.2e-002
 148    149    296    1.04072251e+003   3.2e-002
 149    150    298    1.03854768e+003   3.2e-002
 150    151    300    1.03650998e+003   3.1e-002
 151    152    302    1.03212694e+003   3.1e-002
 152    153    304    1.03159761e+003   3.1e-002
 153    154    306    1.03043713e+003   3.1e-002
 154    155    308    1.02989956e+003   3.1e-002
 155    156    310    1.02479622e+003   3.1e-002
 156    157    312    1.02448580e+003   3.1e-002
 157    158    314    1.02259815e+003   3.1e-002
 158    159    316    1.02208035e+003   3.1e-002
 159    160    318    1.02194852e+003   3.1e-002
 160    161    320    1.01882635e+003   3.1e-002
 161    162    322    1.01725310e+003   3.0e-002
 162    163    324    1.01693472e+003   3.0e-002
 163    164    326    1.01602156e+003   3.0e-002
 164    165    328    1.01510891e+003   3.0e-002
 165    166    330    1.01509022e+003   3.0e-002
 166    167    332    1.01440059e+003   3.0e-002
 167    168    334    1.01313943e+003   3.0e-002
 168    169    336    1.01146310e+003   3.0e-002
 169    170    338    1.01053277e+003   3.0e-002
 170    171    340    1.00808178e+003   3.0e-002
 171    172    342    1.00730313e+003   3.0e-002
 172    173    344    1.00620873e+003   3.0e-002
 173    174    346    1.00579414e+003   3.0e-002
 174    175    348    1.00214009e+003   3.0e-002
 175    176    350    1.00033832e+003   3.0e-002
 176    177    352    9.99655074e+002   3.0e-002
 177    178    354    9.98117889e+002   3.0e-002
 178    179    356    9.94560663e+002   2.9e-002
 179    180    358    9.93207629e+002   2.9e-002
 180    181    360    9.92521958e+002   2.9e-002
 181    182    362    9.89599217e+002   2.9e-002
 182    183    364    9.87988133e+002   2.9e-002
 183    184    366    9.86936631e+002   2.9e-002
 184    185    368    9.84336936e+002   2.9e-002
 185    186    370    9.83484577e+002   2.9e-002
 186    187    372    9.82313671e+002   2.9e-002
 187    188    374    9.82075810e+002   2.9e-002
 188    189    376    9.80627538e+002   2.9e-002
 189    190    378    9.80505836e+002   2.9e-002
 190    191    380    9.72199239e+002   2.8e-002
 191    192    382    9.70092124e+002   2.8e-002
 192    193    384    9.66034409e+002   2.8e-002
 193    194    386    9.65370205e+002   2.8e-002
 194    195    388    9.65032014e+002   2.8e-002
 195    196    390    9.63858075e+002   2.8e-002
 196    197    392    9.62735401e+002   2.8e-002
 197    198    394    9.62381709e+002   2.8e-002
 198    199    396    9.60796888e+002   2.8e-002
 199    200    398    9.60442334e+002   2.8e-002
 200    201    400    9.60158275e+002   2.8e-002
 201    202    402    9.59717110e+002   2.8e-002
 202    203    404    9.59356269e+002   2.7e-002
 203    204    406    9.58332421e+002   2.7e-002
 204    205    408    9.57337189e+002   2.7e-002
 205    206    410    9.56356811e+002   2.7e-002
 206    207    412    9.56095282e+002   2.7e-002
 207    208    414    9.52872139e+002   2.7e-002
 208    209    416    9.50678473e+002   2.7e-002
 209    210    418    9.49079317e+002   2.7e-002
 210    211    420    9.47710484e+002   2.7e-002
 211    212    422    9.47515060e+002   2.7e-002
 212    213    424    9.47405130e+002   2.7e-002
 213    214    426    9.43944500e+002   2.7e-002
 214    215    428    9.43660531e+002   2.7e-002
 215    216    430    9.43040578e+002   2.7e-002
 216    217    432    9.41019254e+002   2.6e-002
 217    218    434    9.39926033e+002   2.6e-002
 218    219    436    9.38880160e+002   2.6e-002
 219    220    438    9.35749632e+002   2.6e-002
 220    221    440    9.34434260e+002   2.6e-002
 221    222    442    9.32610888e+002   2.6e-002
 222    223    444    9.31556227e+002   2.6e-002
 223    224    446    9.31314854e+002   2.6e-002
 224    225    448    9.28154425e+002   2.6e-002
 225    226    450    9.26517869e+002   2.6e-002
 226    227    452    9.25424494e+002   2.6e-002
 227    228    454    9.24068614e+002   2.5e-002
 228    229    456    9.22877559e+002   2.5e-002
 229    230    458    9.22453305e+002   2.5e-002
 230    231    460    9.20815224e+002   2.5e-002
 231    232    462    9.20039629e+002   2.5e-002
 232    233    464    9.19625830e+002   2.5e-002
 233    234    466    9.17932789e+002   2.5e-002
 234    235    468    9.17001125e+002   2.5e-002
 235    236    470    9.16924356e+002   2.5e-002
 236    237    472    9.16912269e+002   2.5e-002
 237    238    474    9.16131007e+002   2.5e-002
 238    239    476    9.16048231e+002   2.5e-002
 239    240    478    9.11269059e+002   2.5e-002
 240    241    480    9.07969791e+002   2.5e-002
 241    242    482    9.07708923e+002   2.5e-002
 242    243    484    9.05400395e+002   2.4e-002
 243    244    486    9.03416237e+002   2.4e-002
 244    245    488    9.01622279e+002   2.4e-002
 245    246    490    9.01283923e+002   2.4e-002
 246    247    492    9.01259721e+002   2.4e-002
 247    248    494    9.01096431e+002   2.4e-002
 248    249    496    8.99419518e+002   2.4e-002
 249    250    498    8.97618117e+002   2.4e-002
 250    251    500    8.97485116e+002   2.4e-002
 251    252    502    8.97175988e+002   2.4e-002
 252    253    504    8.95441713e+002   2.4e-002
 253    254    506    8.92755900e+002   2.4e-002
 254    255    508    8.92023304e+002   2.4e-002
 255    256    510    8.91073674e+002   2.3e-002
 256    257    512    8.88800566e+002   2.3e-002
 257    258    514    8.88723849e+002   2.3e-002
 258    259    516    8.88127218e+002   2.3e-002
 259    260    518    8.87072959e+002   2.3e-002
 260    261    520    8.86134149e+002   2.3e-002
 261    262    522    8.84912910e+002   2.3e-002
 262    263    524    8.84106511e+002   2.3e-002
 263    264    526    8.83449398e+002   2.3e-002
 264    265    528    8.83140090e+002   2.3e-002
 265    266    530    8.82156814e+002   2.3e-002
 266    267    532    8.81629680e+002   2.3e-002
 267    268    534    8.76276372e+002   2.2e-002
 268    269    536    8.75811171e+002   2.2e-002
 269    270    538    8.75519192e+002   2.2e-002
 270    271    540    8.74715165e+002   2.2e-002
 271    272    542    8.73785893e+002   2.2e-002
 272    273    544    8.73716834e+002   2.2e-002
 273    274    546    8.72221513e+002   2.2e-002
 274    275    548    8.70742384e+002   2.2e-002
 275    276    550    8.69829874e+002   2.2e-002
 276    277    552    8.67935799e+002   2.2e-002
 277    278    554    8.67178244e+002   2.2e-002
 278    279    556    8.65933535e+002   2.2e-002
 279    280    558    8.65589253e+002   2.2e-002
 280    281    560    8.64827074e+002   2.2e-002
 281    282    562    8.62685752e+002   2.2e-002
 282    283    564    8.62656937e+002   2.2e-002
 283    284    566    8.62340465e+002   2.2e-002
 284    285    568    8.61492095e+002   2.1e-002
 285    286    570    8.56430777e+002   2.1e-002
 286    287    572    8.54812527e+002   2.1e-002
 287    288    574    8.53245769e+002   2.1e-002
 288    289    576    8.51588030e+002   2.1e-002
 289    290    578    8.50494881e+002   2.1e-002
 290    291    580    8.43731325e+002   2.0e-002
 291    292    582    8.42367854e+002   2.0e-002
 292    293    584    8.41603114e+002   2.0e-002
 293    294    586    8.40520370e+002   2.0e-002
 294    295    588    8.38383696e+002   2.0e-002
 295    296    590    8.34645500e+002   2.0e-002
 296    297    592    8.33640060e+002   1.9e-002
 297    298    594    8.33146853e+002   1.9e-002
 298    299    596    8.29051698e+002   1.9e-002
 299    300    598    8.28895399e+002   1.9e-002
 300    301    600    8.28443617e+002   1.9e-002
 301    302    602    8.27683578e+002   1.9e-002
 302    303    604    8.27633388e+002   1.9e-002
 303    304    606    8.25748362e+002   1.9e-002
 304    305    608    8.21366919e+002   1.8e-002
 305    306    610    8.21083725e+002   1.8e-002
 306    307    612    8.20907313e+002   1.8e-002
 307    308    614    8.20266140e+002   1.8e-002
 308    309    616    8.18932712e+002   1.8e-002
 309    310    618    8.17588355e+002   1.8e-002
 310    311    620    8.14856601e+002   1.8e-002
 311    312    622    8.14586619e+002   1.8e-002
 312    313    624    8.13860192e+002   1.8e-002
 313    314    626    8.13725033e+002   1.8e-002
 314    315    628    8.12156885e+002   1.8e-002
 315    316    630    8.12001256e+002   1.8e-002
 316    317    632    8.11539771e+002   1.8e-002
 317    318    634    8.11382676e+002   1.8e-002
 318    319    636    8.11371035e+002   1.8e-002
 319    320    638    8.09613028e+002   1.7e-002
 320    321    640    8.09261502e+002   1.7e-002
 321    322    642    8.06893382e+002   1.7e-002
 322    323    644    8.04897581e+002   1.7e-002
 323    324    646    8.03820241e+002   1.7e-002
 324    325    648    8.03004330e+002   1.7e-002
 325    326    650    8.02078901e+002   1.7e-002
 326    327    652    8.01248660e+002   1.7e-002
 327    328    654    8.00892661e+002   1.7e-002
 328    329    656    8.00687222e+002   1.7e-002
 329    330    658    8.00542192e+002   1.7e-002
 330    331    660    8.00480328e+002   1.7e-002
 331    332    662    7.97190615e+002   1.6e-002
 332    333    664    7.94616897e+002   1.6e-002
 333    334    666    7.94615779e+002   1.6e-002
 334    335    668    7.94440565e+002   1.6e-002
 335    336    670    7.93690946e+002   1.6e-002
 336    337    672    7.93638636e+002   1.6e-002
 337    338    674    7.93516940e+002   1.6e-002
 338    339    676    7.91404316e+002   1.6e-002
 339    340    678    7.90702788e+002   1.6e-002
 340    341    680    7.90342209e+002   1.6e-002
 341    342    682    7.90206327e+002   1.6e-002
 342    343    684    7.90053238e+002   1.6e-002
 343    344    686    7.87588222e+002   1.5e-002
 344    345    688    7.86742422e+002   1.5e-002
 345    346    690    7.86373374e+002   1.5e-002
 346    347    692    7.85543093e+002   1.5e-002
 347    348    694    7.85509981e+002   1.5e-002
 348    349    696    7.85457805e+002   1.5e-002
 349    350    698    7.84713577e+002   1.5e-002
 350    351    700    7.80724368e+002   1.5e-002
 351    352    702    7.80154173e+002   1.5e-002
 352    353    704    7.80006405e+002   1.5e-002
 353    354    706    7.79115023e+002   1.5e-002
 354    355    708    7.78169018e+002   1.4e-002
 355    356    710    7.77247696e+002   1.4e-002
 356    357    712    7.75518978e+002   1.4e-002
 357    358    714    7.75430879e+002   1.4e-002
 358    359    716    7.75322716e+002   1.4e-002
 359    360    718    7.74784984e+002   1.4e-002
 360    361    720    7.73700375e+002   1.4e-002
 361    362    722    7.72847909e+002   1.4e-002
 362    363    724    7.71359641e+002   1.4e-002
 363    364    726    7.71261379e+002   1.4e-002
 364    365    728    7.70865775e+002   1.4e-002
 365    366    730    7.69144325e+002   1.4e-002
 366    367    732    7.67866980e+002   1.3e-002
 367    368    734    7.67329545e+002   1.3e-002
 368    369    736    7.67044922e+002   1.3e-002
 369    370    738    7.65505838e+002   1.3e-002
 370    371    740    7.65259600e+002   1.3e-002
 371    372    742    7.61334839e+002   1.3e-002
 372    373    744    7.60496557e+002   1.3e-002
 373    374    746    7.60201874e+002   1.2e-002
 374    375    748    7.58177025e+002   1.2e-002
 375    376    750    7.57392106e+002   1.2e-002
 376    377    752    7.57150566e+002   1.2e-002
 377    378    754    7.56002445e+002   1.2e-002
 378    379    756    7.55772524e+002   1.2e-002
 379    380    758    7.55429976e+002   1.2e-002
 380    381    760    7.54442620e+002   1.2e-002
 381    382    762    7.54160308e+002   1.2e-002
 382    383    764    7.53781582e+002   1.2e-002
 383    384    766    7.53721142e+002   1.2e-002
 384    385    768    7.51425307e+002   1.1e-002
 385    386    770    7.50875270e+002   1.1e-002
 386    387    772    7.48848577e+002   1.1e-002
 387    388    774    7.47886728e+002   1.1e-002
 388    389    776    7.47623010e+002   1.1e-002
 389    390    778    7.46912747e+002   1.1e-002
 390    391    780    7.45231953e+002   1.0e-002
 391    392    782    7.44670522e+002   1.0e-002
 392    393    784    7.44649348e+002   1.0e-002
 393    394    786    7.44276769e+002   1.0e-002
 394    395    788    7.42031665e+002   1.0e-002
 395    396    790    7.41367649e+002   9.9e-003
 396    397    792    7.41174378e+002   9.9e-003
 397    398    794    7.40182705e+002   9.7e-003
 398    399    796    7.37593543e+002   9.3e-003
 399    400    798    7.36945918e+002   9.2e-003
 400    401    800    7.35359465e+002   8.9e-003
 401    402    802    7.35170520e+002   8.9e-003
 402    403    804    7.34749050e+002   8.8e-003
 403    404    806    7.34239701e+002   8.7e-003
 404    405    808    7.32224808e+002   8.4e-003
 405    406    810    7.28609986e+002   7.7e-003
 406    407    812    7.28157853e+002   7.6e-003
 407    408    814    7.28028144e+002   7.6e-003
 408    409    816    7.27864386e+002   7.5e-003
 409    410    818    7.27459140e+002   7.4e-003
 410    411    820    7.27360625e+002   7.4e-003
 411    412    822    7.25890446e+002   7.1e-003
 412    413    824    7.25571251e+002   7.0e-003
 413    414    826    7.25029765e+002   6.9e-003
 414    415    828    7.24339414e+002   6.8e-003
 415    416    830    7.23276222e+002   6.5e-003
 416    417    832    7.23060632e+002   6.5e-003
 417    418    834    7.23042503e+002   6.4e-003
 418    419    836    7.22848359e+002   6.4e-003
 419    420    838    7.22598832e+002   6.3e-003
 420    421    840    7.22456464e+002   6.3e-003
 421    422    842    7.22042700e+002   6.2e-003
 422    423    844    7.21364980e+002   6.0e-003
 423    424    846    7.21274842e+002   6.0e-003
 424    425    848    7.19678680e+002   5.6e-003
 425    426    850    7.19433586e+002   5.5e-003
 426    427    852    7.19060377e+002   5.4e-003
 427    428    854    7.18953877e+002   5.4e-003
 428    429    856    7.18952023e+002   5.4e-003
 429    430    858    7.18555070e+002   5.2e-003
 430    431    860    7.18186127e+002   5.1e-003
 431    432    862    7.18020564e+002   5.1e-003
 432    433    864    7.17920399e+002   5.1e-003
 433    434    866    7.17263309e+002   4.8e-003
 434    435    868    7.17091949e+002   4.8e-003
 435    436    870    7.17063931e+002   4.8e-003
 436    437    872    7.16978813e+002   4.8e-003
 437    438    874    7.16784446e+002   4.7e-003
 438    439    876    7.16683319e+002   4.7e-003
 439    440    878    7.16532774e+002   4.6e-003
 440    441    880    7.16350978e+002   4.5e-003
 441    442    882    7.16331029e+002   4.5e-003
 442    443    884    7.16322851e+002   4.5e-003
 443    444    886    7.16090622e+002   4.4e-003
 444    445    888    7.16021707e+002   4.4e-003
 445    446    890    7.15773893e+002   4.3e-003
 446    447    892    7.15756843e+002   4.3e-003
 447    448    894    7.15549430e+002   4.2e-003
 448    449    896    7.15438091e+002   4.2e-003
 449    450    898    7.15068472e+002   4.1e-003
 450    451    900    7.14840939e+002   4.0e-003
 451    452    902    7.14805822e+002   4.0e-003
 452    453    904    7.14680942e+002   3.9e-003
 453    454    906    7.14566114e+002   3.9e-003
 454    455    908    7.14503881e+002   3.8e-003
 455    456    910    7.14255522e+002   3.7e-003
 456    457    912    7.13911944e+002   3.6e-003
 457    458    914    7.13711996e+002   3.5e-003
 458    459    916    7.13637910e+002   3.5e-003
 459    460    918    7.13419250e+002   3.4e-003
 460    461    920    7.13231586e+002   3.3e-003
 461    462    922    7.13107976e+002   3.2e-003
 462    463    924    7.12777139e+002   3.0e-003
 463    464    926    7.12666092e+002   3.0e-003
 464    465    928    7.12594184e+002   2.9e-003
 465    466    930    7.12363250e+002   2.8e-003
 466    467    932    7.12359362e+002   2.8e-003
 467    468    934    7.12106952e+002   2.6e-003
 468    469    936    7.11937976e+002   2.5e-003
 469    470    938    7.11882071e+002   2.5e-003
 470    471    940    7.11781289e+002   2.4e-003
 471    472    942    7.11756769e+002   2.4e-003
 472    473    944    7.11668481e+002   2.4e-003
 473    474    946    7.11629802e+002   2.3e-003
 474    475    948    7.11438397e+002   2.2e-003
 475    476    950    7.11048463e+002   1.9e-003
 476    477    952    7.11004841e+002   1.8e-003
 477    478    954    7.10826965e+002   1.6e-003
 478    479    956    7.10657638e+002   1.5e-003
 479    480    958    7.10583694e+002   1.4e-003
 480    481    960    7.10414954e+002   1.1e-003
 481    482    963    7.10397820e+002   1.1e-003
 482    483    966    7.10358443e+002   1.0e-003
 483    484    969    7.10335731e+002   1.0e-003
 484    485    972    7.10309882e+002   9.6e-004
 485    486    975    7.10256488e+002   8.5e-004
 486    487    978    7.10216144e+002   7.6e-004
 487    488    981    7.10064959e+002   4.2e-005
 488    489    983    7.10062787e+002   1.4e-005
 489    490    986    7.10062770e+002   1.5e-005
 490    491    989    7.10062749e+002   1.6e-005
 491    492    992    7.10062749e+002   1.6e-005
 492    493    995    7.10062679e+002   2.4e-005
MODLNP 03: |p| = 0
Error in Line Search
    ierror =   3
    alpha  =     0.000000
    alpha0 =     1.000000
    g'p    =  0.0000e+000
    |g|     =  1.1362e-004
    |p|     =  0.0000e+000
Hit any key to continue
LMQNBC: termination 3
time elpased is  119.5

-------------------------------
Optimization costs per grid
-------------------------------
N:         63    31    15     7
-------------------------------
NF(it):   493     0     0     0
NF(nf):   508     0     0     0
NF(cg):   996     0     0     0
-------------------------------

diary off
