   0.01286257467300
   0.01635493355000
   0.02718512299667
   0.03533832396916
   0.04975448407125
   0.08407906075044
   0.12104711303641
   0.13377274847343
   0.15360636252349
   0.23189431811233
   0.27310247022514
   0.31421731054403
   0.36756803882634
   0.37047682605190
   0.39323955120646
   0.43979085694638
   0.44182829690634
   0.45142482676248
   0.47838438095666
   0.55555555555555
   0.58691847188467
   0.59777777777777
   0.60719894453953
   0.60854036122399
   0.64081540987002
   0.68311596780460
   0.69921332774126
   0.71588294817297
   0.71763442146570
   0.80487174411571
   0.83923824033620
   0.84386949887436
   0.86560347774475